TITLE = "2 species of PNP-Steric with high order term" 
VARIABLES = "X" "Conc1" "Conc2" "phi" "Current_x""I_ext" "I_PNP" "CURRENT" "ENERGY" "
ZONE T="0.001", I=101
-1 2.245423e-01 2.244479e-01 -9.984107e-05 8.196323e-03 0 3.801033e-02 1.560968e-07 1.179238e+01 
-9.995066e-01 2.550873e-01 2.549998e-01 -9.984095e-05 -1.463059e-03 0 2.196560e-02 1.560968e-07 1.179238e+01 
-9.980267e-01 3.396228e-01 3.395502e-01 -9.983733e-05 2.338747e-03 0 2.242971e-02 1.560968e-07 1.179238e+01 
-9.955620e-01 4.632450e-01 4.631946e-01 -9.983669e-05 -5.792494e-04 0 8.982403e-03 1.560968e-07 1.179238e+01 
-9.921147e-01 6.117722e-01 6.117344e-01 -9.983146e-05 2.197300e-03 0 1.243690e-02 1.560968e-07 1.179238e+01 
-9.876883e-01 7.756374e-01 7.756206e-01 -9.983185e-05 -5.938565e-04 0 -5.624272e-04 1.560968e-07 1.179238e+01 
-9.822873e-01 9.478416e-01 9.478221e-01 -9.982709e-05 1.037161e-03 0 7.771390e-03 1.560968e-07 1.179238e+01 
-9.759168e-01 1.124458e+00 1.124459e+00 -9.982921e-05 -4.030635e-04 0 -4.576100e-03 1.560968e-07 1.179238e+01 
-9.685832e-01 1.301608e+00 1.301595e+00 -9.982519e-05 8.639873e-04 0 7.318525e-03 1.560968e-07 1.179238e+01 
-9.602937e-01 1.477329e+00 1.477339e+00 -9.982862e-05 -6.866095e-04 0 -7.083804e-03 1.560968e-07 1.179238e+01 
-9.510565e-01 1.648756e+00 1.648741e+00 -9.982477e-05 8.951205e-04 0 8.216456e-03 1.560968e-07 1.179238e+01 
-9.408808e-01 1.814636e+00 1.814653e+00 -9.982897e-05 -8.929184e-04 0 -8.678254e-03 1.560968e-07 1.179238e+01 
-9.297765e-01 1.972515e+00 1.972496e+00 -9.982473e-05 9.743604e-04 0 9.267680e-03 1.560968e-07 1.179238e+01 
-9.177546e-01 2.121542e+00 2.121565e+00 -9.982961e-05 -1.010225e-03 0 -9.681541e-03 1.560968e-07 1.179238e+01 
-9.048271e-01 2.259621e+00 2.259594e+00 -9.982461e-05 1.052885e-03 0 9.977037e-03 1.560968e-07 1.179238e+01 
-8.910065e-01 2.386325e+00 2.386356e+00 -9.983041e-05 -1.074076e-03 0 -1.011483e-02 1.560968e-07 1.179238e+01 
-8.763067e-01 2.500051e+00 2.500016e+00 -9.982424e-05 1.075420e-03 0 1.005866e-02 1.560968e-07 1.179238e+01 
-8.607420e-01 2.600932e+00 2.600971e+00 -9.983142e-05 -1.042979e-03 0 -9.784613e-03 1.560968e-07 1.179238e+01 
-8.443279e-01 2.688026e+00 2.687982e+00 -9.982358e-05 9.803513e-04 0 9.284670e-03 1.560968e-07 1.179238e+01 
-8.270806e-01 2.762154e+00 2.762201e+00 -9.983262e-05 -8.969682e-04 0 -8.596719e-03 1.560968e-07 1.179238e+01 
-8.090170e-01 2.823131e+00 2.823080e+00 -9.982279e-05 8.093918e-04 0 7.789406e-03 1.560968e-07 1.179238e+01 
-7.901550e-01 2.872479e+00 2.872532e+00 -9.983380e-05 -7.303314e-04 0 -6.941250e-03 1.560968e-07 1.179238e+01 
-7.705132e-01 2.910690e+00 2.910635e+00 -9.982208e-05 6.673387e-04 0 6.123415e-03 1.560968e-07 1.179238e+01 
-7.501111e-01 2.939809e+00 2.939866e+00 -9.983480e-05 -6.213833e-04 0 -5.380597e-03 1.560968e-07 1.179238e+01 
-7.289686e-01 2.960706e+00 2.960650e+00 -9.982154e-05 5.894931e-04 0 4.737434e-03 1.560968e-07 1.179238e+01 
-7.071068e-01 2.975583e+00 2.975640e+00 -9.983562e-05 -5.668166e-04 0 -4.194136e-03 1.560968e-07 1.179238e+01 
-6.845471e-01 2.985265e+00 2.985208e+00 -9.982110e-05 5.487371e-04 0 3.743473e-03 1.560968e-07 1.179238e+01 
-6.613119e-01 2.991713e+00 2.991770e+00 -9.983635e-05 -5.316052e-04 0 -3.367708e-03 1.560968e-07 1.179238e+01 
-6.374240e-01 2.995368e+00 2.995311e+00 -9.982070e-05 5.132172e-04 0 3.052647e-03 1.560968e-07 1.179238e+01 
-6.129071e-01 2.997731e+00 2.997788e+00 -9.983704e-05 -4.926245e-04 0 -2.781872e-03 1.560968e-07 1.179238e+01 
-5.877853e-01 2.998768e+00 2.998711e+00 -9.982029e-05 4.697915e-04 0 2.545824e-03 1.560968e-07 1.179238e+01 
-5.620834e-01 2.999548e+00 2.999605e+00 -9.983772e-05 -4.451081e-04 0 -2.334192e-03 1.560968e-07 1.179238e+01 
-5.358268e-01 2.999684e+00 2.999627e+00 -9.981988e-05 4.192093e-04 0 2.142704e-03 1.560968e-07 1.179238e+01 
-5.090414e-01 2.999984e+00 3.000041e+00 -9.983837e-05 -3.926864e-04 0 -1.965805e-03 1.560968e-07 1.179238e+01 
-4.817537e-01 2.999879e+00 2.999822e+00 -9.981948e-05 3.659836e-04 0 1.802044e-03 1.560968e-07 1.179238e+01 
-4.539905e-01 3.000066e+00 3.000123e+00 -9.983897e-05 -3.394233e-04 0 -1.648143e-03 1.560968e-07 1.179238e+01 
-4.257793e-01 2.999911e+00 2.999854e+00 -9.981910e-05 3.132188e-04 0 1.503854e-03 1.560968e-07 1.179238e+01 
-3.971479e-01 3.000078e+00 3.000136e+00 -9.983952e-05 -2.875151e-04 0 -1.366976e-03 1.560968e-07 1.179238e+01 
-3.681246e-01 2.999916e+00 2.999858e+00 -9.981875e-05 2.623675e-04 0 1.237575e-03 1.560968e-07 1.179238e+01 
-3.387379e-01 3.000080e+00 3.000137e+00 -9.984001e-05 -2.378278e-04 0 -1.113963e-03 1.560968e-07 1.179238e+01 
-3.090170e-01 2.999916e+00 2.999859e+00 -9.981844e-05 2.138756e-04 0 9.962443e-04 1.560968e-07 1.179238e+01 
-2.789911e-01 3.000080e+00 3.000138e+00 -9.984042e-05 -1.905504e-04 0 -8.831287e-04 1.560968e-07 1.179238e+01 
-2.486899e-01 2.999916e+00 2.999859e+00 -9.981818e-05 1.678189e-04 0 7.747306e-04 1.560968e-07 1.179238e+01 
-2.181432e-01 3.000080e+00 3.000138e+00 -9.984076e-05 -1.456626e-04 0 -6.699179e-04 1.560968e-07 1.179238e+01 
-1.873813e-01 2.999916e+00 2.999858e+00 -9.981797e-05 1.239974e-04 0 5.686471e-04 1.560968e-07 1.179238e+01 
-1.564345e-01 3.000080e+00 3.000138e+00 -9.984101e-05 -1.027940e-04 0 -4.699947e-04 1.560968e-07 1.179238e+01 
-1.253332e-01 2.999916e+00 2.999858e+00 -9.981782e-05 8.195002e-05 0 3.738011e-04 1.560968e-07 1.179238e+01 
-9.410831e-02 3.000080e+00 3.000138e+00 -9.984118e-05 -6.143106e-05 0 -2.793292e-04 1.560968e-07 1.179238e+01 
-6.279052e-02 2.999916e+00 2.999858e+00 -9.981773e-05 4.114214e-05 0 1.863383e-04 1.560968e-07 1.179238e+01 
-3.141076e-02 3.000080e+00 3.000138e+00 -9.984126e-05 -2.101619e-05 0 -9.418362e-05 1.560968e-07 1.179238e+01 
-1.110223e-16 2.999916e+00 2.999858e+00 -9.981769e-05 9.348091e-07 0 2.448920e-06 1.560968e-07 1.179238e+01 
3.141076e-02 3.000080e+00 3.000138e+00 -9.984125e-05 1.914124e-05 0 8.928978e-05 1.560968e-07 1.179238e+01 
6.279052e-02 2.999916e+00 2.999858e+00 -9.981771e-05 -3.928593e-05 0 -1.814735e-04 1.560968e-07 1.179238e+01 
9.410831e-02 3.000080e+00 3.000138e+00 -9.984116e-05 5.955552e-05 0 2.744336e-04 1.560968e-07 1.179238e+01 
1.253332e-01 2.999916e+00 2.999858e+00 -9.981779e-05 -8.006513e-05 0 -3.688647e-04 1.560968e-07 1.179238e+01 
1.564345e-01 3.000080e+00 3.000138e+00 -9.984098e-05 1.008684e-04 0 4.649746e-04 1.560968e-07 1.179238e+01 
1.873813e-01 2.999916e+00 2.999858e+00 -9.981793e-05 -1.220536e-04 0 -5.635640e-04 1.560968e-07 1.179238e+01 
2.181432e-01 3.000080e+00 3.000138e+00 -9.984071e-05 1.436765e-04 0 6.647472e-04 1.560968e-07 1.179238e+01 
2.486899e-01 2.999916e+00 2.999859e+00 -9.981812e-05 -1.658027e-04 0 -7.694675e-04 1.560968e-07 1.179238e+01 
2.789911e-01 3.000080e+00 3.000138e+00 -9.984036e-05 1.884651e-04 0 8.777119e-04 1.560968e-07 1.179238e+01 
3.090170e-01 2.999916e+00 2.999859e+00 -9.981836e-05 -2.117424e-04 0 -9.906914e-04 1.560968e-07 1.179238e+01 
3.387379e-01 3.000080e+00 3.000137e+00 -9.983993e-05 2.356192e-04 0 1.108242e-03 1.560968e-07 1.179238e+01 
3.681246e-01 2.999916e+00 2.999858e+00 -9.981866e-05 -2.600995e-04 0 -1.231690e-03 1.560968e-07 1.179238e+01 
3.971479e-01 3.000078e+00 3.000136e+00 -9.983943e-05 2.851620e-04 0 1.360900e-03 1.560968e-07 1.179238e+01 
4.257793e-01 2.999911e+00 2.999854e+00 -9.981899e-05 -3.107997e-04 0 -1.497600e-03 1.560968e-07 1.179238e+01 
4.539905e-01 3.000066e+00 3.000123e+00 -9.983886e-05 3.369025e-04 0 1.641660e-03 1.560968e-07 1.179238e+01 
4.817537e-01 2.999879e+00 2.999822e+00 -9.981935e-05 -3.633776e-04 0 -1.795339e-03 1.560968e-07 1.179238e+01 
5.090414e-01 2.999984e+00 3.000041e+00 -9.983824e-05 3.899584e-04 0 1.958825e-03 1.560968e-07 1.179238e+01 
5.358268e-01 2.999684e+00 2.999627e+00 -9.981974e-05 -4.163605e-04 0 -2.135422e-03 1.560968e-07 1.179238e+01 
5.620834e-01 2.999548e+00 2.999605e+00 -9.983758e-05 4.421043e-04 0 2.326565e-03 1.560968e-07 1.179238e+01 
5.877853e-01 2.998768e+00 2.998711e+00 -9.982014e-05 -4.666583e-04 0 -2.537888e-03 1.560968e-07 1.179238e+01 
6.129071e-01 2.997731e+00 2.997788e+00 -9.983689e-05 4.893228e-04 0 2.773582e-03 1.560968e-07 1.179238e+01 
6.374240e-01 2.995368e+00 2.995311e+00 -9.982053e-05 -5.097563e-04 0 -3.044009e-03 1.560968e-07 1.179238e+01 
6.613119e-01 2.991713e+00 2.991770e+00 -9.983619e-05 5.279361e-04 0 3.358670e-03 1.560968e-07 1.179238e+01 
6.845471e-01 2.985265e+00 2.985208e+00 -9.982093e-05 -5.448675e-04 0 -3.734063e-03 1.560968e-07 1.179238e+01 
7.071068e-01 2.975583e+00 2.975641e+00 -9.983544e-05 5.627253e-04 0 4.184407e-03 1.560968e-07 1.179238e+01 
7.289686e-01 2.960706e+00 2.960650e+00 -9.982135e-05 -5.852367e-04 0 -4.727579e-03 1.560968e-07 1.179238e+01 
7.501111e-01 2.939809e+00 2.939866e+00 -9.983461e-05 6.169704e-04 0 5.370784e-03 1.560968e-07 1.179238e+01 
7.705132e-01 2.910690e+00 2.910635e+00 -9.982188e-05 -6.628222e-04 0 -6.113863e-03 1.560968e-07 1.179238e+01 
7.901550e-01 2.872479e+00 2.872532e+00 -9.983360e-05 7.256923e-04 0 6.932094e-03 1.560968e-07 1.179238e+01 
8.090170e-01 2.823131e+00 2.823080e+00 -9.982258e-05 -8.047656e-04 0 -7.781102e-03 1.560968e-07 1.179238e+01 
8.270806e-01 2.762154e+00 2.762201e+00 -9.983241e-05 8.925229e-04 0 8.589775e-03 1.560968e-07 1.179238e+01 
8.443279e-01 2.688026e+00 2.687982e+00 -9.982336e-05 -9.763375e-04 0 -9.279676e-03 1.560968e-07 1.179238e+01 
8.607420e-01 2.600932e+00 2.600971e+00 -9.983120e-05 1.039610e-03 0 9.781920e-03 1.560968e-07 1.179238e+01 
8.763067e-01 2.500051e+00 2.500016e+00 -9.982401e-05 -1.073072e-03 0 -1.005901e-02 1.560968e-07 1.179238e+01 
8.910065e-01 2.386325e+00 2.386356e+00 -9.983018e-05 1.073230e-03 0 1.011860e-02 1.560968e-07 1.179238e+01 
9.048271e-01 2.259621e+00 2.259594e+00 -9.982437e-05 -1.053985e-03 0 -9.984947e-03 1.560968e-07 1.179238e+01 
9.177546e-01 2.121542e+00 2.121565e+00 -9.982937e-05 1.013947e-03 0 9.693585e-03 1.560968e-07 1.179238e+01 
9.297765e-01 1.972515e+00 1.972496e+00 -9.982450e-05 -9.811020e-04 0 -9.284701e-03 1.560968e-07 1.179238e+01 
9.408808e-01 1.814636e+00 1.814653e+00 -9.982874e-05 9.034758e-04 0 8.699239e-03 1.560968e-07 1.179238e+01 
9.510565e-01 1.648756e+00 1.648741e+00 -9.982454e-05 -9.096249e-04 0 -8.243222e-03 1.560968e-07 1.179238e+01 
9.602937e-01 1.477329e+00 1.477339e+00 -9.982839e-05 7.074268e-04 0 7.115213e-03 1.560968e-07 1.179238e+01 
9.685832e-01 1.301608e+00 1.301595e+00 -9.982497e-05 -8.892115e-04 0 -7.355115e-03 1.560968e-07 1.179238e+01 
9.759168e-01 1.124458e+00 1.124459e+00 -9.982899e-05 4.331170e-04 0 4.610961e-03 1.560968e-07 1.179238e+01 
9.822873e-01 9.478416e-01 9.478222e-01 -9.982687e-05 -1.061688e-03 0 -7.799546e-03 1.560968e-07 1.179238e+01 
9.876883e-01 7.756374e-01 7.756206e-01 -9.983164e-05 5.991306e-04 0 5.564160e-04 1.560968e-07 1.179238e+01 
9.921147e-01 6.117722e-01 6.117343e-01 -9.983126e-05 -2.174026e-03 0 -1.241753e-02 1.560968e-07 1.179238e+01 
9.955620e-01 4.632450e-01 4.631946e-01 -9.983649e-05 5.889735e-04 0 -8.975543e-03 1.560968e-07 1.179238e+01 
9.980267e-01 3.396228e-01 3.395502e-01 -9.983713e-05 -2.329080e-03 0 -2.242087e-02 1.560968e-07 1.179238e+01 
9.995066e-01 2.550873e-01 2.549998e-01 -9.984076e-05 1.471574e-03 0 -2.195679e-02 1.560968e-07 1.179238e+01 
1 2.245423e-01 2.244479e-01 -9.984088e-05 -8.173112e-03 0 -3.798541e-02 1.560968e-07 1.179238e+01 
ZONE T="0.002", I=101
-1 2.245437e-01 2.244497e-01 -9.977389e-05 3.356754e-03 0 2.349546e-02 1.638771e-08 1.122673e+01 
-9.995066e-01 2.462823e-01 2.461931e-01 -9.977303e-05 -2.944537e-04 0 1.726444e-02 1.638771e-08 1.122673e+01 
-9.980267e-01 3.077558e-01 3.076785e-01 -9.976942e-05 1.194720e-03 0 1.611906e-02 1.638771e-08 1.122673e+01 
-9.955620e-01 4.003427e-01 4.002821e-01 -9.976587e-05 3.147793e-06 0 9.785038e-03 1.638771e-08 1.122673e+01 
-9.921147e-01 5.149000e-01 5.148536e-01 -9.976017e-05 9.645061e-04 0 8.817516e-03 1.638771e-08 1.122673e+01 
-9.876883e-01 6.442001e-01 6.441694e-01 -9.975655e-05 -1.372569e-05 0 3.456729e-03 1.638771e-08 1.122673e+01 
-9.822873e-01 7.829480e-01 7.829249e-01 -9.975150e-05 7.588797e-04 0 4.735817e-03 1.638771e-08 1.122673e+01 
-9.759168e-01 9.275402e-01 9.275289e-01 -9.974960e-05 -1.299842e-04 0 8.170708e-05 1.638771e-08 1.122673e+01 
-9.685832e-01 1.075204e+00 1.075193e+00 -9.974618e-05 5.780558e-04 0 3.117946e-03 1.638771e-08 1.122673e+01 
-9.602937e-01 1.223994e+00 1.223993e+00 -9.974609e-05 -2.486532e-04 0 -1.551798e-03 1.638771e-08 1.122673e+01 
-9.510565e-01 1.372145e+00 1.372138e+00 -9.974391e-05 4.580488e-04 0 2.705908e-03 1.638771e-08 1.122673e+01 
-9.408808e-01 1.518363e+00 1.518367e+00 -9.974498e-05 -3.271029e-04 0 -2.364866e-03 1.638771e-08 1.122673e+01 
-9.297765e-01 1.661291e+00 1.661284e+00 -9.974331e-05 4.031410e-04 0 2.782162e-03 1.638771e-08 1.122673e+01 
-9.177546e-01 1.799925e+00 1.799932e+00 -9.974495e-05 -3.673415e-04 0 -2.814174e-03 1.638771e-08 1.122673e+01 
-9.048271e-01 1.933128e+00 1.933120e+00 -9.974329e-05 3.898201e-04 0 2.992572e-03 1.638771e-08 1.122673e+01 
-8.910065e-01 2.060092e+00 2.060101e+00 -9.974527e-05 -3.852782e-04 0 -3.083259e-03 1.638771e-08 1.122673e+01 
-8.763067e-01 2.179874e+00 2.179864e+00 -9.974335e-05 3.923495e-04 0 3.170279e-03 1.638771e-08 1.122673e+01 
-8.607420e-01 2.291872e+00 2.291882e+00 -9.974569e-05 -3.929104e-04 0 -3.220854e-03 1.638771e-08 1.122673e+01 
-8.443279e-01 2.395377e+00 2.395364e+00 -9.974335e-05 3.943065e-04 0 3.238012e-03 1.638771e-08 1.122673e+01 
-8.270806e-01 2.490044e+00 2.490058e+00 -9.974618e-05 -3.910792e-04 0 -3.217405e-03 1.638771e-08 1.122673e+01 
-8.090170e-01 2.575464e+00 2.575449e+00 -9.974326e-05 3.856919e-04 0 3.156242e-03 1.638771e-08 1.122673e+01 
-7.901550e-01 2.651603e+00 2.651619e+00 -9.974672e-05 -3.754197e-04 0 -3.054976e-03 1.638771e-08 1.122673e+01 
-7.705132e-01 2.718398e+00 2.718381e+00 -9.974307e-05 3.615494e-04 0 2.914450e-03 1.638771e-08 1.122673e+01 
-7.501111e-01 2.776158e+00 2.776177e+00 -9.974730e-05 -3.436658e-04 0 -2.740979e-03 1.638771e-08 1.122673e+01 
-7.289686e-01 2.825176e+00 2.825156e+00 -9.974285e-05 3.242400e-04 0 2.543865e-03 1.638771e-08 1.122673e+01 
-7.071068e-01 2.866080e+00 2.866100e+00 -9.974787e-05 -3.035902e-04 0 -2.333307e-03 1.638771e-08 1.122673e+01 
-6.845471e-01 2.899463e+00 2.899442e+00 -9.974264e-05 2.840188e-04 0 2.120817e-03 1.638771e-08 1.122673e+01 
-6.613119e-01 2.926189e+00 2.926211e+00 -9.974838e-05 -2.658862e-04 0 -1.915866e-03 1.638771e-08 1.122673e+01 
-6.374240e-01 2.947030e+00 2.947008e+00 -9.974247e-05 2.501151e-04 0 1.725342e-03 1.638771e-08 1.122673e+01 
-6.129071e-01 2.962941e+00 2.962963e+00 -9.974882e-05 -2.360719e-04 0 -1.552533e-03 1.638771e-08 1.122673e+01 
-5.877853e-01 2.974712e+00 2.974689e+00 -9.974234e-05 2.240772e-04 0 1.399460e-03 1.638771e-08 1.122673e+01 
-5.620834e-01 2.983235e+00 2.983258e+00 -9.974920e-05 -2.131367e-04 0 -1.264874e-03 1.638771e-08 1.122673e+01 
-5.358268e-01 2.989172e+00 2.989150e+00 -9.974224e-05 2.031278e-04 0 1.147128e-03 1.638771e-08 1.122673e+01 
-5.090414e-01 2.993235e+00 2.993258e+00 -9.974954e-05 -1.933339e-04 0 -1.043568e-03 1.638771e-08 1.122673e+01 
-4.817537e-01 2.995876e+00 2.995853e+00 -9.974215e-05 1.838171e-04 0 9.520302e-04 1.638771e-08 1.122673e+01 
-4.539905e-01 2.997586e+00 2.997609e+00 -9.974985e-05 -1.739085e-04 0 -8.694303e-04 1.638771e-08 1.122673e+01 
-4.257793e-01 2.998608e+00 2.998585e+00 -9.974206e-05 1.638549e-04 0 7.941686e-04 1.638771e-08 1.122673e+01 
-3.971479e-01 2.999245e+00 2.999267e+00 -9.975014e-05 -1.533918e-04 0 -7.244074e-04 1.638771e-08 1.122673e+01 
-3.681246e-01 2.999581e+00 2.999558e+00 -9.974197e-05 1.427234e-04 0 6.589879e-04 1.638771e-08 1.122673e+01 
-3.387379e-01 2.999796e+00 2.999819e+00 -9.975039e-05 -1.316311e-04 0 -5.966350e-04 1.638771e-08 1.122673e+01 
-3.090170e-01 2.999883e+00 2.999860e+00 -9.974189e-05 1.204372e-04 0 5.370189e-04 1.638771e-08 1.122673e+01 
-2.789911e-01 2.999956e+00 2.999979e+00 -9.975062e-05 -1.088707e-04 0 -4.790932e-04 1.638771e-08 1.122673e+01 
-2.486899e-01 2.999965e+00 2.999942e+00 -9.974181e-05 9.715034e-05 0 4.226649e-04 1.638771e-08 1.122673e+01 
-2.181432e-01 2.999996e+00 3.000019e+00 -9.975080e-05 -8.528704e-05 0 -3.675787e-04 1.638771e-08 1.122673e+01 
-1.873813e-01 2.999984e+00 2.999961e+00 -9.974174e-05 7.339336e-05 0 3.136198e-04 1.638771e-08 1.122673e+01 
-1.564345e-01 3.000005e+00 3.000028e+00 -9.975094e-05 -6.126372e-05 0 -2.601844e-04 1.638771e-08 1.122673e+01 
-1.253332e-01 2.999988e+00 2.999965e+00 -9.974169e-05 4.912030e-05 0 2.074706e-04 1.638771e-08 1.122673e+01 
-9.410831e-02 3.000007e+00 3.000030e+00 -9.975104e-05 -3.693478e-05 0 -1.553260e-04 1.638771e-08 1.122673e+01 
-6.279052e-02 2.999989e+00 2.999966e+00 -9.974166e-05 2.467991e-05 0 1.034326e-04 1.638771e-08 1.122673e+01 
-3.141076e-02 3.000007e+00 3.000031e+00 -9.975108e-05 -1.231909e-05 0 -5.159731e-05 1.638771e-08 1.122673e+01 
-1.110223e-16 2.999989e+00 2.999966e+00 -9.974165e-05 2.693259e-10 0 3.440035e-09 1.638771e-08 1.122673e+01 
3.141076e-02 3.000007e+00 3.000031e+00 -9.975108e-05 1.229186e-05 0 5.152927e-05 1.638771e-08 1.122673e+01 
6.279052e-02 2.999989e+00 2.999966e+00 -9.974166e-05 -2.464139e-05 0 -1.033325e-04 1.638771e-08 1.122673e+01 
9.410831e-02 3.000007e+00 3.000030e+00 -9.975103e-05 3.691929e-05 0 1.552866e-04 1.638771e-08 1.122673e+01 
1.253332e-01 2.999988e+00 2.999965e+00 -9.974169e-05 -4.912959e-05 0 -2.074890e-04 1.638771e-08 1.122673e+01 
1.564345e-01 3.000005e+00 3.000028e+00 -9.975093e-05 6.125838e-05 0 2.601698e-04 1.638771e-08 1.122673e+01 
1.873813e-01 2.999984e+00 2.999961e+00 -9.974173e-05 -7.336015e-05 0 -3.135331e-04 1.638771e-08 1.122673e+01 
2.181432e-01 2.999996e+00 3.000019e+00 -9.975079e-05 8.526796e-05 0 3.675305e-04 1.638771e-08 1.122673e+01 
2.486899e-01 2.999965e+00 2.999942e+00 -9.974179e-05 -9.716090e-05 0 -4.226856e-04 1.638771e-08 1.122673e+01 
2.789911e-01 2.999956e+00 2.999979e+00 -9.975060e-05 1.088485e-04 0 4.790374e-04 1.638771e-08 1.122673e+01 
3.090170e-01 2.999883e+00 2.999860e+00 -9.974187e-05 -1.203962e-04 0 -5.369124e-04 1.638771e-08 1.122673e+01 
3.387379e-01 2.999796e+00 2.999819e+00 -9.975037e-05 1.316113e-04 0 5.965843e-04 1.638771e-08 1.122673e+01 
3.681246e-01 2.999581e+00 2.999558e+00 -9.974195e-05 -1.427287e-04 0 -6.589962e-04 1.638771e-08 1.122673e+01 
3.971479e-01 2.999245e+00 2.999267e+00 -9.975011e-05 1.534114e-04 0 7.244550e-04 1.638771e-08 1.122673e+01 
4.257793e-01 2.998608e+00 2.998585e+00 -9.974204e-05 -1.638693e-04 0 -7.941985e-04 1.638771e-08 1.122673e+01 
4.539905e-01 2.997586e+00 2.997609e+00 -9.974983e-05 1.738891e-04 0 8.693815e-04 1.638771e-08 1.122673e+01 
4.817537e-01 2.995876e+00 2.995853e+00 -9.974213e-05 -1.838084e-04 0 -9.520033e-04 1.638771e-08 1.122673e+01 
5.090414e-01 2.993235e+00 2.993258e+00 -9.974951e-05 1.933467e-04 0 1.043598e-03 1.638771e-08 1.122673e+01 
5.358268e-01 2.989172e+00 2.989150e+00 -9.974221e-05 -2.031382e-04 0 -1.147148e-03 1.638771e-08 1.122673e+01 
5.620834e-01 2.983235e+00 2.983258e+00 -9.974917e-05 2.131473e-04 0 1.264901e-03 1.638771e-08 1.122673e+01 
5.877853e-01 2.974712e+00 2.974689e+00 -9.974231e-05 -2.240980e-04 0 -1.399504e-03 1.638771e-08 1.122673e+01 
6.129071e-01 2.962941e+00 2.962963e+00 -9.974879e-05 2.360762e-04 0 1.552544e-03 1.638771e-08 1.122673e+01 
6.374240e-01 2.947030e+00 2.947008e+00 -9.974243e-05 -2.501404e-04 0 -1.725401e-03 1.638771e-08 1.122673e+01 
6.613119e-01 2.926189e+00 2.926211e+00 -9.974834e-05 2.659379e-04 0 1.915991e-03 1.638771e-08 1.122673e+01 
6.845471e-01 2.899463e+00 2.899442e+00 -9.974260e-05 -2.840574e-04 0 -2.120896e-03 1.638771e-08 1.122673e+01 
7.071068e-01 2.866080e+00 2.866100e+00 -9.974782e-05 3.035913e-04 0 2.333307e-03 1.638771e-08 1.122673e+01 
7.289686e-01 2.825176e+00 2.825156e+00 -9.974281e-05 -3.242529e-04 0 -2.543893e-03 1.638771e-08 1.122673e+01 
7.501111e-01 2.776158e+00 2.776177e+00 -9.974725e-05 3.436948e-04 0 2.741046e-03 1.638771e-08 1.122673e+01 
7.705132e-01 2.718398e+00 2.718381e+00 -9.974303e-05 -3.615895e-04 0 -2.914531e-03 1.638771e-08 1.122673e+01 
7.901550e-01 2.651603e+00 2.651619e+00 -9.974667e-05 3.754482e-04 0 3.055031e-03 1.638771e-08 1.122673e+01 
8.090170e-01 2.575464e+00 2.575449e+00 -9.974320e-05 -3.857339e-04 0 -3.156331e-03 1.638771e-08 1.122673e+01 
8.270806e-01 2.490044e+00 2.490058e+00 -9.974612e-05 3.911348e-04 0 3.217499e-03 1.638771e-08 1.122673e+01 
8.443279e-01 2.395377e+00 2.395364e+00 -9.974330e-05 -3.943532e-04 0 -3.238094e-03 1.638771e-08 1.122673e+01 
8.607420e-01 2.291872e+00 2.291882e+00 -9.974564e-05 3.929348e-04 0 3.220860e-03 1.638771e-08 1.122673e+01 
8.763067e-01 2.179874e+00 2.179864e+00 -9.974330e-05 -3.923545e-04 0 -3.170303e-03 1.638771e-08 1.122673e+01 
8.910065e-01 2.060092e+00 2.060101e+00 -9.974522e-05 3.852572e-04 0 3.083145e-03 1.638771e-08 1.122673e+01 
9.048271e-01 1.933128e+00 1.933120e+00 -9.974323e-05 -3.897516e-04 0 -2.992548e-03 1.638771e-08 1.122673e+01 
9.177546e-01 1.799925e+00 1.799932e+00 -9.974490e-05 3.673625e-04 0 2.814089e-03 1.638771e-08 1.122673e+01 
9.297765e-01 1.661291e+00 1.661284e+00 -9.974326e-05 -4.030663e-04 0 -2.782204e-03 1.638771e-08 1.122673e+01 
9.408808e-01 1.518363e+00 1.518367e+00 -9.974492e-05 3.271955e-04 0 2.364805e-03 1.638771e-08 1.122673e+01 
9.510565e-01 1.372145e+00 1.372138e+00 -9.974386e-05 -4.579161e-04 0 -2.705956e-03 1.638771e-08 1.122673e+01 
9.602937e-01 1.223994e+00 1.223993e+00 -9.974604e-05 2.488411e-04 0 1.551778e-03 1.638771e-08 1.122673e+01 
9.685832e-01 1.075204e+00 1.075193e+00 -9.974613e-05 -5.777921e-04 0 -3.117890e-03 1.638771e-08 1.122673e+01 
9.759168e-01 9.275402e-01 9.275289e-01 -9.974955e-05 1.302800e-04 0 -8.161935e-05 1.638771e-08 1.122673e+01 
9.822873e-01 7.829480e-01 7.829249e-01 -9.975146e-05 -7.585433e-04 0 -4.735672e-03 1.638771e-08 1.122673e+01 
9.876883e-01 6.442001e-01 6.441694e-01 -9.975651e-05 1.408361e-05 0 -3.456535e-03 1.638771e-08 1.122673e+01 
9.921147e-01 5.149000e-01 5.148536e-01 -9.976012e-05 -9.641623e-04 0 -8.817303e-03 1.638771e-08 1.122673e+01 
9.955620e-01 4.003427e-01 4.002821e-01 -9.976583e-05 -2.775745e-06 0 -9.784752e-03 1.638771e-08 1.122673e+01 
9.980267e-01 3.077558e-01 3.076785e-01 -9.976938e-05 -1.194353e-03 0 -1.611873e-02 1.638771e-08 1.122673e+01 
9.995066e-01 2.462823e-01 2.461931e-01 -9.977299e-05 2.948118e-04 0 -1.726408e-02 1.638771e-08 1.122673e+01 
1 2.245437e-01 2.244497e-01 -9.977385e-05 -3.356378e-03 0 -2.349506e-02 1.638771e-08 1.122673e+01 
ZONE T="0.003", I=101
-1 2.245438e-01 2.244500e-01 -9.972305e-05 1.455642e-03 0 1.751554e-02 6.296733e-09 1.079352e+01 
-9.995066e-01 2.423409e-01 2.422510e-01 -9.972179e-05 1.544599e-04 0 1.486187e-02 6.296733e-09 1.079352e+01 
-9.980267e-01 2.931733e-01 2.930936e-01 -9.971781e-05 6.832096e-04 0 1.321028e-02 6.296733e-09 1.079352e+01 
-9.955620e-01 3.708889e-01 3.708234e-01 -9.971254e-05 2.535632e-04 0 9.472546e-03 6.296733e-09 1.079352e+01 
-9.921147e-01 4.685511e-01 4.684996e-01 -9.970581e-05 5.832486e-04 0 7.542278e-03 6.296733e-09 1.079352e+01 
-9.876883e-01 5.802595e-01 5.802218e-01 -9.969967e-05 2.162097e-04 0 4.481034e-03 6.296733e-09 1.079352e+01 
-9.822873e-01 7.015157e-01 7.014880e-01 -9.969337e-05 4.638382e-04 0 3.817342e-03 6.296733e-09 1.079352e+01 
-9.759168e-01 8.290812e-01 8.290634e-01 -9.968882e-05 1.190941e-04 0 1.606432e-03 6.296733e-09 1.079352e+01 
-9.685832e-01 9.605285e-01 9.605155e-01 -9.968452e-05 3.368270e-04 0 1.984348e-03 6.296733e-09 1.079352e+01 
-9.602937e-01 1.094068e+00 1.094061e+00 -9.968219e-05 1.498960e-05 0 1.829933e-04 6.296733e-09 1.079352e+01 
-9.510565e-01 1.228218e+00 1.228212e+00 -9.967984e-05 2.351952e-04 0 1.224881e-03 6.296733e-09 1.079352e+01 
-9.408808e-01 1.361815e+00 1.361814e+00 -9.967919e-05 -6.308773e-05 0 -4.827942e-04 6.296733e-09 1.079352e+01 
-9.297765e-01 1.493783e+00 1.493780e+00 -9.967803e-05 1.733186e-04 0 9.820507e-04 6.296733e-09 1.079352e+01 
-9.177546e-01 1.623239e+00 1.623240e+00 -9.967829e-05 -1.076725e-04 0 -7.908497e-04 6.296733e-09 1.079352e+01 
-9.048271e-01 1.749308e+00 1.749305e+00 -9.967760e-05 1.463859e-04 0 9.574642e-04 6.296733e-09 1.079352e+01 
-8.910065e-01 1.871264e+00 1.871267e+00 -9.967825e-05 -1.283676e-04 0 -9.418891e-04 6.296733e-09 1.079352e+01 
-8.763067e-01 1.988370e+00 1.988367e+00 -9.967764e-05 1.395692e-04 0 1.002262e-03 6.296733e-09 1.079352e+01 
-8.607420e-01 2.100030e+00 2.100033e+00 -9.967847e-05 -1.365618e-04 0 -1.022273e-03 6.296733e-09 1.079352e+01 
-8.443279e-01 2.205644e+00 2.205641e+00 -9.967777e-05 1.400577e-04 0 1.047925e-03 6.296733e-09 1.079352e+01 
-8.270806e-01 2.304764e+00 2.304768e+00 -9.967874e-05 -1.404897e-04 0 -1.062176e-03 6.296733e-09 1.079352e+01 
-8.090170e-01 2.396953e+00 2.396949e+00 -9.967788e-05 1.418144e-04 0 1.068241e-03 6.296733e-09 1.079352e+01 
-7.901550e-01 2.481940e+00 2.481945e+00 -9.967904e-05 -1.408192e-04 0 -1.063427e-03 6.296733e-09 1.079352e+01 
-7.705132e-01 2.559486e+00 2.559481e+00 -9.967795e-05 1.402943e-04 0 1.049032e-03 6.296733e-09 1.079352e+01 
-7.501111e-01 2.629527e+00 2.629533e+00 -9.967934e-05 -1.383961e-04 0 -1.025259e-03 6.296733e-09 1.079352e+01 
-7.289686e-01 2.692047e+00 2.692041e+00 -9.967799e-05 1.354750e-04 0 9.904814e-04 6.296733e-09 1.079352e+01 
-7.071068e-01 2.747205e+00 2.747211e+00 -9.967965e-05 -1.306412e-04 0 -9.455180e-04 6.296733e-09 1.079352e+01 
-6.845471e-01 2.795211e+00 2.795204e+00 -9.967800e-05 1.254230e-04 0 8.930119e-04 6.296733e-09 1.079352e+01 
-6.613119e-01 2.836437e+00 2.836444e+00 -9.967996e-05 -1.192941e-04 0 -8.350048e-04 6.296733e-09 1.079352e+01 
-6.374240e-01 2.871293e+00 2.871286e+00 -9.967800e-05 1.130082e-04 0 7.735041e-04 6.296733e-09 1.079352e+01 
-6.129071e-01 2.900320e+00 2.900328e+00 -9.968025e-05 -1.058805e-04 0 -7.097582e-04 6.296733e-09 1.079352e+01 
-5.877853e-01 2.924067e+00 2.924059e+00 -9.967800e-05 9.900343e-05 0 6.466927e-04 6.296733e-09 1.079352e+01 
-5.620834e-01 2.943167e+00 2.943176e+00 -9.968051e-05 -9.261639e-05 0 -5.871831e-04 6.296733e-09 1.079352e+01 
-5.358268e-01 2.958226e+00 2.958218e+00 -9.967802e-05 8.725336e-05 0 5.327207e-04 6.296733e-09 1.079352e+01 
-5.090414e-01 2.969882e+00 2.969890e+00 -9.968073e-05 -8.188635e-05 0 -4.821491e-04 6.296733e-09 1.079352e+01 
-4.817537e-01 2.978702e+00 2.978693e+00 -9.967804e-05 7.680360e-05 0 4.356633e-04 6.296733e-09 1.079352e+01 
-4.539905e-01 2.985250e+00 2.985259e+00 -9.968093e-05 -7.170576e-05 0 -3.931470e-04 6.296733e-09 1.079352e+01 
-4.257793e-01 2.989989e+00 2.989981e+00 -9.967806e-05 6.698587e-05 0 3.547977e-04 6.296733e-09 1.079352e+01 
-3.971479e-01 2.993356e+00 2.993365e+00 -9.968110e-05 -6.241979e-05 0 -3.202496e-04 6.296733e-09 1.079352e+01 
-3.681246e-01 2.995678e+00 2.995670e+00 -9.967808e-05 5.813701e-05 0 2.889727e-04 6.296733e-09 1.079352e+01 
-3.387379e-01 2.997257e+00 2.997265e+00 -9.968125e-05 -5.360249e-05 0 -2.596512e-04 6.296733e-09 1.079352e+01 
-3.090170e-01 2.998289e+00 2.998281e+00 -9.967809e-05 4.901538e-05 0 2.320017e-04 6.296733e-09 1.079352e+01 
-2.789911e-01 2.998963e+00 2.998972e+00 -9.968137e-05 -4.429335e-05 0 -2.058065e-04 6.296733e-09 1.079352e+01 
-2.486899e-01 2.999378e+00 2.999370e+00 -9.967810e-05 3.971918e-05 0 1.811487e-04 6.296733e-09 1.079352e+01 
-2.181432e-01 2.999642e+00 2.999650e+00 -9.968147e-05 -3.495464e-05 0 -1.571956e-04 6.296733e-09 1.079352e+01 
-1.873813e-01 2.999791e+00 2.999782e+00 -9.967811e-05 2.999025e-05 0 1.334695e-04 6.296733e-09 1.079352e+01 
-1.564345e-01 2.999887e+00 2.999895e+00 -9.968155e-05 -2.487730e-05 0 -1.101165e-04 6.296733e-09 1.079352e+01 
-1.253332e-01 2.999933e+00 2.999924e+00 -9.967811e-05 1.990810e-05 0 8.753637e-05 6.296733e-09 1.079352e+01 
-9.410831e-02 2.999967e+00 2.999975e+00 -9.968161e-05 -1.489154e-05 0 -6.527511e-05 6.296733e-09 1.079352e+01 
-6.279052e-02 2.999977e+00 2.999968e+00 -9.967812e-05 9.895024e-06 0 4.328227e-05 6.296733e-09 1.079352e+01 
-3.141076e-02 2.999989e+00 2.999998e+00 -9.968163e-05 -4.921038e-06 0 -2.154244e-05 6.296733e-09 1.079352e+01 
-1.110223e-16 2.999986e+00 2.999978e+00 -9.967811e-05 -6.911128e-08 0 -1.669227e-07 6.296733e-09 1.079352e+01 
3.141076e-02 2.999989e+00 2.999998e+00 -9.968163e-05 5.039265e-06 0 2.182739e-05 6.296733e-09 1.079352e+01 
6.279052e-02 2.999977e+00 2.999968e+00 -9.967811e-05 -9.927256e-06 0 -4.335179e-05 6.296733e-09 1.079352e+01 
9.410831e-02 2.999967e+00 2.999975e+00 -9.968160e-05 1.488035e-05 0 6.524120e-05 6.296733e-09 1.079352e+01 
1.253332e-01 2.999933e+00 2.999924e+00 -9.967811e-05 -2.001434e-05 0 -8.778887e-05 6.296733e-09 1.079352e+01 
1.564345e-01 2.999887e+00 2.999895e+00 -9.968155e-05 2.498983e-05 0 1.103850e-04 6.296733e-09 1.079352e+01 
1.873813e-01 2.999791e+00 2.999782e+00 -9.967810e-05 -2.988647e-05 0 -1.332015e-04 6.296733e-09 1.079352e+01 
2.181432e-01 2.999642e+00 2.999650e+00 -9.968147e-05 3.472732e-05 0 1.566228e-04 6.296733e-09 1.079352e+01 
2.486899e-01 2.999378e+00 2.999370e+00 -9.967810e-05 -3.963132e-05 0 -1.809194e-04 6.296733e-09 1.079352e+01 
2.789911e-01 2.998963e+00 2.998972e+00 -9.968136e-05 4.432579e-05 0 2.058743e-04 6.296733e-09 1.079352e+01 
3.090170e-01 2.998289e+00 2.998281e+00 -9.967809e-05 -4.893683e-05 0 -2.317950e-04 6.296733e-09 1.079352e+01 
3.387379e-01 2.997257e+00 2.997265e+00 -9.968124e-05 5.345601e-05 0 2.592793e-04 6.296733e-09 1.079352e+01 
3.681246e-01 2.995678e+00 2.995670e+00 -9.967807e-05 -5.812170e-05 0 -2.889232e-04 6.296733e-09 1.079352e+01 
3.971479e-01 2.993356e+00 2.993365e+00 -9.968109e-05 6.250299e-05 0 3.204450e-04 6.296733e-09 1.079352e+01 
4.257793e-01 2.989989e+00 2.989981e+00 -9.967805e-05 -6.699899e-05 0 -3.548134e-04 6.296733e-09 1.079352e+01 
4.539905e-01 2.985250e+00 2.985259e+00 -9.968092e-05 7.155438e-05 0 3.927595e-04 6.296733e-09 1.079352e+01 
4.817537e-01 2.978702e+00 2.978693e+00 -9.967802e-05 -7.660843e-05 0 -4.351749e-04 6.296733e-09 1.079352e+01 
5.090414e-01 2.969882e+00 2.969890e+00 -9.968072e-05 8.183168e-05 0 4.820183e-04 6.296733e-09 1.079352e+01 
5.358268e-01 2.958226e+00 2.958218e+00 -9.967800e-05 -8.738734e-05 0 -5.330482e-04 6.296733e-09 1.079352e+01 
5.620834e-01 2.943167e+00 2.943176e+00 -9.968049e-05 9.276273e-05 0 5.875215e-04 6.296733e-09 1.079352e+01 
5.877853e-01 2.924067e+00 2.924059e+00 -9.967798e-05 -9.905337e-05 0 -6.468046e-04 6.296733e-09 1.079352e+01 
6.129071e-01 2.900320e+00 2.900328e+00 -9.968024e-05 1.060288e-04 0 7.101262e-04 6.296733e-09 1.079352e+01 
6.374240e-01 2.871293e+00 2.871286e+00 -9.967798e-05 -1.132358e-04 0 -7.740091e-04 6.296733e-09 1.079352e+01 
6.613119e-01 2.836437e+00 2.836444e+00 -9.967994e-05 1.194545e-04 0 8.353648e-04 6.296733e-09 1.079352e+01 
6.845471e-01 2.795211e+00 2.795204e+00 -9.967798e-05 -1.256517e-04 0 -8.935127e-04 6.296733e-09 1.079352e+01 
7.071068e-01 2.747205e+00 2.747211e+00 -9.967963e-05 1.308505e-04 0 9.459190e-04 6.296733e-09 1.079352e+01 
7.289686e-01 2.692047e+00 2.692041e+00 -9.967796e-05 -1.355568e-04 0 -9.905974e-04 6.296733e-09 1.079352e+01 
7.501111e-01 2.629527e+00 2.629533e+00 -9.967931e-05 1.383871e-04 0 1.025181e-03 6.296733e-09 1.079352e+01 
7.705132e-01 2.559486e+00 2.559481e+00 -9.967793e-05 -1.402366e-04 0 -1.048885e-03 6.296733e-09 1.079352e+01 
7.901550e-01 2.481940e+00 2.481945e+00 -9.967901e-05 1.407906e-04 0 1.063352e-03 6.296733e-09 1.079352e+01 
8.090170e-01 2.396953e+00 2.396949e+00 -9.967785e-05 -1.418549e-04 0 -1.068313e-03 6.296733e-09 1.079352e+01 
8.270806e-01 2.304764e+00 2.304768e+00 -9.967871e-05 1.405763e-04 0 1.062285e-03 6.296733e-09 1.079352e+01 
8.443279e-01 2.205644e+00 2.205641e+00 -9.967774e-05 -1.400341e-04 0 -1.047812e-03 6.296733e-09 1.079352e+01 
8.607420e-01 2.100030e+00 2.100033e+00 -9.967844e-05 1.364134e-04 0 1.021986e-03 6.296733e-09 1.079352e+01 
8.763067e-01 1.988370e+00 1.988367e+00 -9.967761e-05 -1.394570e-04 0 -1.002094e-03 6.296733e-09 1.079352e+01 
8.910065e-01 1.871264e+00 1.871267e+00 -9.967822e-05 1.282999e-04 0 9.417521e-04 6.296733e-09 1.079352e+01 
9.048271e-01 1.749308e+00 1.749305e+00 -9.967757e-05 -1.463881e-04 0 -9.575353e-04 6.296733e-09 1.079352e+01 
9.177546e-01 1.623239e+00 1.623240e+00 -9.967826e-05 1.077454e-04 0 7.908545e-04 6.296733e-09 1.079352e+01 
9.297765e-01 1.493783e+00 1.493780e+00 -9.967800e-05 -1.732480e-04 0 -9.820339e-04 6.296733e-09 1.079352e+01 
9.408808e-01 1.361815e+00 1.361814e+00 -9.967917e-05 6.319405e-05 0 4.828421e-04 6.296733e-09 1.079352e+01 
9.510565e-01 1.228218e+00 1.228212e+00 -9.967982e-05 -2.351144e-04 0 -1.224838e-03 6.296733e-09 1.079352e+01 
9.602937e-01 1.094068e+00 1.094061e+00 -9.968217e-05 -1.492010e-05 0 -1.829821e-04 6.296733e-09 1.079352e+01 
9.685832e-01 9.605285e-01 9.605155e-01 -9.968450e-05 -3.367539e-04 0 -1.984316e-03 6.296733e-09 1.079352e+01 
9.759168e-01 8.290812e-01 8.290634e-01 -9.968879e-05 -1.190214e-04 0 -1.606415e-03 6.296733e-09 1.079352e+01 
9.822873e-01 7.015157e-01 7.014880e-01 -9.969335e-05 -4.637582e-04 0 -3.817301e-03 6.296733e-09 1.079352e+01 
9.876883e-01 5.802595e-01 5.802218e-01 -9.969965e-05 -2.161277e-04 0 -4.480998e-03 6.296733e-09 1.079352e+01 
9.921147e-01 4.685511e-01 4.684996e-01 -9.970579e-05 -5.831457e-04 0 -7.542201e-03 6.296733e-09 1.079352e+01 
9.955620e-01 3.708889e-01 3.708234e-01 -9.971252e-05 -2.534735e-04 0 -9.472479e-03 6.296733e-09 1.079352e+01 
9.980267e-01 2.931733e-01 2.930936e-01 -9.971779e-05 -6.830992e-04 0 -1.321018e-02 6.296733e-09 1.079352e+01 
9.995066e-01 2.423409e-01 2.422510e-01 -9.972177e-05 -1.543626e-04 0 -1.486177e-02 6.296733e-09 1.079352e+01 
1 2.245438e-01 2.244500e-01 -9.972303e-05 -1.455528e-03 0 -1.751542e-02 6.296733e-09 1.079352e+01 
ZONE T="0.004", I=101
-1 2.245438e-01 2.244500e-01 -9.968030e-05 7.431439e-04 0 1.451174e-02 4.213358e-09 1.042881e+01 
-9.995066e-01 2.399838e-01 2.398934e-01 -9.967878e-05 2.923026e-04 0 1.319485e-02 4.213358e-09 1.042881e+01 
-9.980267e-01 2.843530e-01 2.842717e-01 -9.967430e-05 4.743945e-04 0 1.156855e-02 4.213358e-09 1.042881e+01 
-9.955620e-01 3.528377e-01 3.527691e-01 -9.966783e-05 3.209961e-04 0 8.935049e-03 4.213358e-09 1.042881e+01 
-9.921147e-01 4.397859e-01 4.397306e-01 -9.965992e-05 4.249114e-04 0 6.915526e-03 4.213358e-09 1.042881e+01 
-9.876883e-01 5.401594e-01 5.401172e-01 -9.965191e-05 2.812694e-04 0 4.724402e-03 4.213358e-09 1.042881e+01 
-9.822873e-01 6.499826e-01 6.499511e-01 -9.964409e-05 3.444816e-04 0 3.556751e-03 4.213358e-09 1.042881e+01 
-9.759168e-01 7.662955e-01 7.662733e-01 -9.963749e-05 1.998466e-04 0 2.133149e-03 4.213358e-09 1.042881e+01 
-9.685832e-01 8.868721e-01 8.868564e-01 -9.963182e-05 2.476277e-04 0 1.727896e-03 4.213358e-09 1.042881e+01 
-9.602937e-01 1.010041e+00 1.010031e+00 -9.962773e-05 1.095410e-04 0 7.861275e-04 4.213358e-09 1.042881e+01 
-9.510565e-01 1.134458e+00 1.134451e+00 -9.962450e-05 1.600238e-04 0 8.554641e-04 4.213358e-09 1.042881e+01 
-9.408808e-01 1.259051e+00 1.259048e+00 -9.962259e-05 3.587502e-05 0 1.420629e-04 4.213358e-09 1.042881e+01 
-9.297765e-01 1.382878e+00 1.382875e+00 -9.962109e-05 9.871956e-05 0 4.870733e-04 4.213358e-09 1.042881e+01 
-9.177546e-01 1.505143e+00 1.505142e+00 -9.962053e-05 -1.072814e-05 0 -1.459302e-04 4.213358e-09 1.042881e+01 
-9.048271e-01 1.625099e+00 1.625097e+00 -9.961994e-05 6.656585e-05 0 3.610382e-04 4.213358e-09 1.042881e+01 
-8.910065e-01 1.742098e+00 1.742098e+00 -9.961999e-05 -3.496981e-05 0 -2.698702e-04 4.213358e-09 1.042881e+01 
-8.763067e-01 1.855512e+00 1.855511e+00 -9.961974e-05 5.293089e-05 0 3.350126e-04 4.213358e-09 1.042881e+01 
-8.607420e-01 1.964798e+00 1.964799e+00 -9.962003e-05 -4.500523e-05 0 -3.228304e-04 4.213358e-09 1.042881e+01 
-8.443279e-01 2.069431e+00 2.069430e+00 -9.961984e-05 5.000355e-05 0 3.432689e-04 4.213358e-09 1.042881e+01 
-8.270806e-01 2.168971e+00 2.168972e+00 -9.962021e-05 -4.805224e-05 0 -3.464158e-04 4.213358e-09 1.042881e+01 
-8.090170e-01 2.263003e+00 2.263002e+00 -9.961999e-05 4.947568e-05 0 3.531680e-04 4.213358e-09 1.042881e+01 
-7.901550e-01 2.351209e+00 2.351210e+00 -9.962042e-05 -4.902953e-05 0 -3.556573e-04 4.213358e-09 1.042881e+01 
-7.705132e-01 2.433303e+00 2.433301e+00 -9.962013e-05 4.953132e-05 0 3.560407e-04 4.213358e-09 1.042881e+01 
-7.501111e-01 2.509107e+00 2.509109e+00 -9.962063e-05 -4.977219e-05 0 -3.548348e-04 4.213358e-09 1.042881e+01 
-7.289686e-01 2.578489e+00 2.578488e+00 -9.962026e-05 5.014239e-05 0 3.508041e-04 4.213358e-09 1.042881e+01 
-7.071068e-01 2.641429e+00 2.641431e+00 -9.962085e-05 -4.877880e-05 0 -3.419092e-04 4.213358e-09 1.042881e+01 
-6.845471e-01 2.697958e+00 2.697956e+00 -9.962036e-05 4.769630e-05 0 3.302288e-04 4.213358e-09 1.042881e+01 
-6.613119e-01 2.748219e+00 2.748222e+00 -9.962105e-05 -4.653843e-05 0 -3.173010e-04 4.213358e-09 1.042881e+01 
-6.374240e-01 2.792407e+00 2.792404e+00 -9.962045e-05 4.523264e-05 0 3.019990e-04 4.213358e-09 1.042881e+01 
-6.129071e-01 2.830816e+00 2.830819e+00 -9.962125e-05 -4.304732e-05 0 -2.840043e-04 4.213358e-09 1.042881e+01 
-5.877853e-01 2.863782e+00 2.863779e+00 -9.962053e-05 4.106226e-05 0 2.651047e-04 4.213358e-09 1.042881e+01 
-5.620834e-01 2.891720e+00 2.891722e+00 -9.962143e-05 -3.859391e-05 0 -2.452073e-04 4.213358e-09 1.042881e+01 
-5.358268e-01 2.915062e+00 2.915059e+00 -9.962060e-05 3.619251e-05 0 2.250146e-04 4.213358e-09 1.042881e+01 
-5.090414e-01 2.934296e+00 2.934299e+00 -9.962160e-05 -3.383600e-05 0 -2.056437e-04 4.213358e-09 1.042881e+01 
-4.817537e-01 2.949897e+00 2.949894e+00 -9.962068e-05 3.193322e-05 0 1.876983e-04 4.213358e-09 1.042881e+01 
-4.539905e-01 2.962362e+00 2.962365e+00 -9.962175e-05 -2.952466e-05 0 -1.697036e-04 4.213358e-09 1.042881e+01 
-4.257793e-01 2.972152e+00 2.972149e+00 -9.962074e-05 2.719013e-05 0 1.525027e-04 4.213358e-09 1.042881e+01 
-3.971479e-01 2.979721e+00 2.979725e+00 -9.962187e-05 -2.506120e-05 0 -1.370415e-04 4.213358e-09 1.042881e+01 
-3.681246e-01 2.985464e+00 2.985461e+00 -9.962079e-05 2.308024e-05 0 1.227114e-04 4.213358e-09 1.042881e+01 
-3.387379e-01 2.989753e+00 2.989756e+00 -9.962198e-05 -2.087137e-05 0 -1.089464e-04 4.213358e-09 1.042881e+01 
-3.090170e-01 2.992890e+00 2.992886e+00 -9.962085e-05 1.895341e-05 0 9.654714e-05 4.213358e-09 1.042881e+01 
-2.789911e-01 2.995151e+00 2.995154e+00 -9.962207e-05 -1.698883e-05 0 -8.495408e-05 4.213358e-09 1.042881e+01 
-2.486899e-01 2.996743e+00 2.996740e+00 -9.962089e-05 1.516281e-05 0 7.420087e-05 4.213358e-09 1.042881e+01 
-2.181432e-01 2.997852e+00 2.997855e+00 -9.962214e-05 -1.339570e-05 0 -6.426306e-05 4.213358e-09 1.042881e+01 
-1.873813e-01 2.998601e+00 2.998597e+00 -9.962092e-05 1.162361e-05 0 5.465159e-05 4.213358e-09 1.042881e+01 
-1.564345e-01 2.999105e+00 2.999108e+00 -9.962219e-05 -9.663023e-06 0 -4.503024e-05 4.213358e-09 1.042881e+01 
-1.253332e-01 2.999429e+00 2.999426e+00 -9.962094e-05 7.840495e-06 0 3.595215e-05 4.213358e-09 1.042881e+01 
-9.410831e-02 2.999638e+00 2.999642e+00 -9.962223e-05 -5.967731e-06 0 -2.702381e-05 4.213358e-09 1.042881e+01 
-6.279052e-02 2.999760e+00 2.999757e+00 -9.962095e-05 3.877225e-06 0 1.766682e-05 4.213358e-09 1.042881e+01 
-3.141076e-02 2.999828e+00 2.999832e+00 -9.962225e-05 -1.777572e-06 0 -8.417803e-06 4.213358e-09 1.042881e+01 
-1.110223e-16 2.999846e+00 2.999843e+00 -9.962096e-05 -3.142563e-08 0 -8.346259e-08 4.213358e-09 1.042881e+01 
3.141076e-02 2.999828e+00 2.999832e+00 -9.962225e-05 1.900613e-06 0 8.732778e-06 4.213358e-09 1.042881e+01 
6.279052e-02 2.999760e+00 2.999757e+00 -9.962095e-05 -3.998248e-06 0 -1.797424e-05 4.213358e-09 1.042881e+01 
9.410831e-02 2.999638e+00 2.999642e+00 -9.962223e-05 5.956632e-06 0 2.700766e-05 4.213358e-09 1.042881e+01 
1.253332e-01 2.999429e+00 2.999426e+00 -9.962094e-05 -7.803109e-06 0 -3.586800e-05 4.213358e-09 1.042881e+01 
1.564345e-01 2.999105e+00 2.999108e+00 -9.962219e-05 9.631480e-06 0 4.495928e-05 4.213358e-09 1.042881e+01 
1.873813e-01 2.998601e+00 2.998597e+00 -9.962092e-05 -1.147335e-05 0 -5.428686e-05 4.213358e-09 1.042881e+01 
2.181432e-01 2.997852e+00 2.997855e+00 -9.962213e-05 1.316810e-05 0 6.370857e-05 4.213358e-09 1.042881e+01 
2.486899e-01 2.996743e+00 2.996740e+00 -9.962088e-05 -1.501543e-05 0 -7.384476e-05 4.213358e-09 1.042881e+01 
2.789911e-01 2.995151e+00 2.995154e+00 -9.962206e-05 1.693364e-05 0 8.482715e-05 4.213358e-09 1.042881e+01 
3.090170e-01 2.992890e+00 2.992886e+00 -9.962084e-05 -1.891153e-05 0 -9.645354e-05 4.213358e-09 1.042881e+01 
3.387379e-01 2.989753e+00 2.989756e+00 -9.962197e-05 2.081583e-05 0 1.088194e-04 4.213358e-09 1.042881e+01 
3.681246e-01 2.985464e+00 2.985461e+00 -9.962079e-05 -2.298712e-05 0 -1.224901e-04 4.213358e-09 1.042881e+01 
3.971479e-01 2.979721e+00 2.979725e+00 -9.962186e-05 2.491851e-05 0 1.367014e-04 4.213358e-09 1.042881e+01 
4.257793e-01 2.972152e+00 2.972149e+00 -9.962073e-05 -2.697360e-05 0 -1.519780e-04 4.213358e-09 1.042881e+01 
4.539905e-01 2.962362e+00 2.962365e+00 -9.962174e-05 2.917484e-05 0 1.688639e-04 4.213358e-09 1.042881e+01 
4.817537e-01 2.949897e+00 2.949894e+00 -9.962067e-05 -3.162901e-05 0 -1.870013e-04 4.213358e-09 1.042881e+01 
5.090414e-01 2.934296e+00 2.934299e+00 -9.962159e-05 3.384291e-05 0 2.057191e-04 4.213358e-09 1.042881e+01 
5.358268e-01 2.915062e+00 2.915059e+00 -9.962059e-05 -3.641499e-05 0 -2.255783e-04 4.213358e-09 1.042881e+01 
5.620834e-01 2.891720e+00 2.891722e+00 -9.962142e-05 3.870167e-05 0 2.454693e-04 4.213358e-09 1.042881e+01 
5.877853e-01 2.863782e+00 2.863779e+00 -9.962052e-05 -4.104371e-05 0 -2.651009e-04 4.213358e-09 1.042881e+01 
6.129071e-01 2.830816e+00 2.830819e+00 -9.962124e-05 4.315651e-05 0 2.843199e-04 4.213358e-09 1.042881e+01 
6.374240e-01 2.792407e+00 2.792404e+00 -9.962044e-05 -4.547369e-05 0 -3.025807e-04 4.213358e-09 1.042881e+01 
6.613119e-01 2.748219e+00 2.748222e+00 -9.962104e-05 4.685648e-05 0 3.180516e-04 4.213358e-09 1.042881e+01 
6.845471e-01 2.697958e+00 2.697956e+00 -9.962035e-05 -4.804966e-05 0 -3.309699e-04 4.213358e-09 1.042881e+01 
7.071068e-01 2.641429e+00 2.641431e+00 -9.962083e-05 4.894764e-05 0 3.422255e-04 4.213358e-09 1.042881e+01 
7.289686e-01 2.578489e+00 2.578488e+00 -9.962024e-05 -5.022983e-05 0 -3.509846e-04 4.213358e-09 1.042881e+01 
7.501111e-01 2.509107e+00 2.509109e+00 -9.962062e-05 4.988851e-05 0 3.550390e-04 4.213358e-09 1.042881e+01 
7.705132e-01 2.433303e+00 2.433301e+00 -9.962011e-05 -4.958334e-05 0 -3.560991e-04 4.213358e-09 1.042881e+01 
7.901550e-01 2.351209e+00 2.351210e+00 -9.962041e-05 4.891859e-05 0 3.553727e-04 4.213358e-09 1.042881e+01 
8.090170e-01 2.263003e+00 2.263002e+00 -9.961997e-05 -4.916247e-05 0 -3.525872e-04 4.213358e-09 1.042881e+01 
8.270806e-01 2.168971e+00 2.168972e+00 -9.962019e-05 4.777090e-05 0 3.459722e-04 4.213358e-09 1.042881e+01 
8.443279e-01 2.069431e+00 2.069430e+00 -9.961982e-05 -4.985150e-05 0 -3.430511e-04 4.213358e-09 1.042881e+01 
8.607420e-01 1.964798e+00 1.964799e+00 -9.962001e-05 4.485787e-05 0 3.226088e-04 4.213358e-09 1.042881e+01 
8.763067e-01 1.855512e+00 1.855511e+00 -9.961972e-05 -5.279824e-05 0 -3.348672e-04 4.213358e-09 1.042881e+01 
8.910065e-01 1.742098e+00 1.742098e+00 -9.961997e-05 3.488572e-05 0 2.697570e-04 4.213358e-09 1.042881e+01 
9.048271e-01 1.625099e+00 1.625097e+00 -9.961992e-05 -6.647130e-05 0 -3.609774e-04 4.213358e-09 1.042881e+01 
9.177546e-01 1.505143e+00 1.505142e+00 -9.962051e-05 1.079613e-05 0 1.460690e-04 4.213358e-09 1.042881e+01 
9.297765e-01 1.382878e+00 1.382875e+00 -9.962108e-05 -9.889962e-05 0 -4.873744e-04 4.213358e-09 1.042881e+01 
9.408808e-01 1.259051e+00 1.259048e+00 -9.962257e-05 -3.574893e-05 0 -1.419537e-04 4.213358e-09 1.042881e+01 
9.510565e-01 1.134458e+00 1.134451e+00 -9.962448e-05 -1.600034e-04 0 -8.555073e-04 4.213358e-09 1.042881e+01 
9.602937e-01 1.010041e+00 1.010031e+00 -9.962771e-05 -1.094659e-04 0 -7.860927e-04 4.213358e-09 1.042881e+01 
9.685832e-01 8.868721e-01 8.868564e-01 -9.963180e-05 -2.475346e-04 0 -1.727851e-03 4.213358e-09 1.042881e+01 
9.759168e-01 7.662955e-01 7.662733e-01 -9.963747e-05 -1.997689e-04 0 -2.133094e-03 4.213358e-09 1.042881e+01 
9.822873e-01 6.499826e-01 6.499511e-01 -9.964407e-05 -3.444536e-04 0 -3.556771e-03 4.213358e-09 1.042881e+01 
9.876883e-01 5.401594e-01 5.401172e-01 -9.965190e-05 -2.811790e-04 0 -4.724339e-03 4.213358e-09 1.042881e+01 
9.921147e-01 4.397859e-01 4.397306e-01 -9.965990e-05 -4.248284e-04 0 -6.915471e-03 4.213358e-09 1.042881e+01 
9.955620e-01 3.528377e-01 3.527691e-01 -9.966782e-05 -3.209049e-04 0 -8.934968e-03 4.213358e-09 1.042881e+01 
9.980267e-01 2.843530e-01 2.842717e-01 -9.967429e-05 -4.743159e-04 0 -1.156848e-02 4.213358e-09 1.042881e+01 
9.995066e-01 2.399838e-01 2.398934e-01 -9.967877e-05 -2.922189e-04 0 -1.319476e-02 4.213358e-09 1.042881e+01 
1 2.245438e-01 2.244500e-01 -9.968029e-05 -7.430887e-04 0 -1.451169e-02 4.213358e-09 1.042881e+01 
ZONE T="0.005", I=101
-1 2.245438e-01 2.244501e-01 -9.964268e-05 4.744911e-04 0 1.273771e-02 2.272586e-09 1.010761e+01 
-9.995066e-01 2.383695e-01 2.382788e-01 -9.964095e-05 3.195990e-04 0 1.194385e-02 2.272586e-09 1.010761e+01 
-9.980267e-01 2.782681e-01 2.781858e-01 -9.963596e-05 3.809653e-04 0 1.048564e-02 2.272586e-09 1.010761e+01 
-9.955620e-01 3.402728e-01 3.402020e-01 -9.962852e-05 3.245055e-04 0 8.408157e-03 2.272586e-09 1.010761e+01 
-9.921147e-01 4.195866e-01 4.195286e-01 -9.961944e-05 3.517756e-04 0 6.524656e-03 2.272586e-09 1.010761e+01 
-9.876883e-01 5.117859e-01 5.117402e-01 -9.960987e-05 2.889195e-04 0 4.730187e-03 2.272586e-09 1.010761e+01 
-9.822873e-01 6.132802e-01 6.132455e-01 -9.960050e-05 2.922299e-04 0 3.476759e-03 2.272586e-09 1.010761e+01 
-9.759168e-01 7.213292e-01 7.213037e-01 -9.959214e-05 2.206426e-04 0 2.339187e-03 2.272586e-09 1.010761e+01 
-9.685832e-01 8.338526e-01 8.338343e-01 -9.958495e-05 2.132401e-04 0 1.706233e-03 2.272586e-09 1.010761e+01 
-9.602937e-01 9.492696e-01 9.492571e-01 -9.957929e-05 1.419713e-04 0 1.035031e-03 2.272586e-09 1.010761e+01 
-9.510565e-01 1.066324e+00 1.066316e+00 -9.957490e-05 1.367865e-04 0 7.982683e-04 2.272586e-09 1.010761e+01 
-9.408808e-01 1.184010e+00 1.184004e+00 -9.957185e-05 7.385921e-05 0 3.845405e-04 2.272586e-09 1.010761e+01 
-9.297765e-01 1.301462e+00 1.301458e+00 -9.956968e-05 7.856750e-05 0 3.732992e-04 2.272586e-09 1.010761e+01 
-9.177546e-01 1.417947e+00 1.417946e+00 -9.956841e-05 2.676477e-05 0 8.350882e-05 2.272586e-09 1.010761e+01 
-9.048271e-01 1.532797e+00 1.532795e+00 -9.956756e-05 4.264111e-05 0 1.953365e-04 2.272586e-09 1.010761e+01 
-8.910065e-01 1.645419e+00 1.645419e+00 -9.956722e-05 8.666788e-07 0 -4.387886e-05 2.272586e-09 1.010761e+01 
-8.763067e-01 1.755258e+00 1.755257e+00 -9.956696e-05 2.517283e-05 0 1.331533e-04 2.272586e-09 1.010761e+01 
-8.607420e-01 1.861817e+00 1.861817e+00 -9.956700e-05 -1.108715e-05 0 -9.387814e-05 2.272586e-09 1.010761e+01 
-8.443279e-01 1.964623e+00 1.964622e+00 -9.956694e-05 1.911310e-05 0 1.189321e-04 2.272586e-09 1.010761e+01 
-8.270806e-01 2.063264e+00 2.063264e+00 -9.956710e-05 -1.533661e-05 0 -1.124513e-04 2.272586e-09 1.010761e+01 
-8.090170e-01 2.157353e+00 2.157352e+00 -9.956707e-05 1.743909e-05 0 1.189155e-04 2.272586e-09 1.010761e+01 
-7.901550e-01 2.246566e+00 2.246567e+00 -9.956727e-05 -1.669060e-05 0 -1.194448e-04 2.272586e-09 1.010761e+01 
-7.705132e-01 2.330614e+00 2.330614e+00 -9.956722e-05 1.730245e-05 0 1.210557e-04 2.272586e-09 1.010761e+01 
-7.501111e-01 2.409278e+00 2.409279e+00 -9.956744e-05 -1.702665e-05 0 -1.212788e-04 2.272586e-09 1.010761e+01 
-7.289686e-01 2.482379e+00 2.482379e+00 -9.956737e-05 1.737038e-05 0 1.210318e-04 2.272586e-09 1.010761e+01 
-7.071068e-01 2.549817e+00 2.549818e+00 -9.956762e-05 -1.706937e-05 0 -1.197135e-04 2.272586e-09 1.010761e+01 
-6.845471e-01 2.611537e+00 2.611536e+00 -9.956750e-05 1.708957e-05 0 1.175377e-04 2.272586e-09 1.010761e+01 
-6.613119e-01 2.667566e+00 2.667566e+00 -9.956778e-05 -1.660351e-05 0 -1.143457e-04 2.272586e-09 1.010761e+01 
-6.374240e-01 2.717977e+00 2.717977e+00 -9.956763e-05 1.646528e-05 0 1.106274e-04 2.272586e-09 1.010761e+01 
-6.129071e-01 2.762926e+00 2.762927e+00 -9.956794e-05 -1.600958e-05 0 -1.062879e-04 2.272586e-09 1.010761e+01 
-5.877853e-01 2.802608e+00 2.802607e+00 -9.956774e-05 1.561313e-05 0 1.011837e-04 2.272586e-09 1.010761e+01 
-5.620834e-01 2.837290e+00 2.837291e+00 -9.956809e-05 -1.467973e-05 0 -9.496004e-05 2.272586e-09 1.010761e+01 
-5.358268e-01 2.867270e+00 2.867269e+00 -9.956784e-05 1.394900e-05 0 8.851754e-05 2.272586e-09 1.010761e+01 
-5.090414e-01 2.892901e+00 2.892902e+00 -9.956822e-05 -1.295916e-05 0 -8.175167e-05 2.272586e-09 1.010761e+01 
-4.817537e-01 2.914549e+00 2.914548e+00 -9.956793e-05 1.221512e-05 0 7.519760e-05 2.272586e-09 1.010761e+01 
-4.539905e-01 2.932616e+00 2.932617e+00 -9.956834e-05 -1.125257e-05 0 -6.855209e-05 2.272586e-09 1.010761e+01 
-4.257793e-01 2.947496e+00 2.947495e+00 -9.956801e-05 1.041345e-05 0 6.207237e-05 2.272586e-09 1.010761e+01 
-3.971479e-01 2.959595e+00 2.959596e+00 -9.956845e-05 -9.533001e-06 0 -5.597056e-05 2.272586e-09 1.010761e+01 
-3.681246e-01 2.969294e+00 2.969293e+00 -9.956808e-05 8.839604e-06 0 5.036125e-05 2.272586e-09 1.010761e+01 
-3.387379e-01 2.976966e+00 2.976967e+00 -9.956854e-05 -7.988024e-06 0 -4.485470e-05 2.272586e-09 1.010761e+01 
-3.090170e-01 2.982941e+00 2.982940e+00 -9.956815e-05 7.304498e-06 0 3.984447e-05 2.272586e-09 1.010761e+01 
-2.789911e-01 2.987534e+00 2.987535e+00 -9.956861e-05 -6.539271e-06 0 -3.507475e-05 2.272586e-09 1.010761e+01 
-2.486899e-01 2.991004e+00 2.991003e+00 -9.956820e-05 5.863476e-06 0 3.062112e-05 2.272586e-09 1.010761e+01 
-2.181432e-01 2.993592e+00 2.993593e+00 -9.956867e-05 -5.060331e-06 0 -2.620647e-05 2.272586e-09 1.010761e+01 
-1.873813e-01 2.995484e+00 2.995483e+00 -9.956824e-05 4.303767e-06 0 2.198670e-05 2.272586e-09 1.010761e+01 
-1.564345e-01 2.996848e+00 2.996849e+00 -9.956872e-05 -3.582284e-06 0 -1.811118e-05 2.272586e-09 1.010761e+01 
-1.253332e-01 2.997804e+00 2.997803e+00 -9.956827e-05 2.978744e-06 0 1.458284e-05 2.272586e-09 1.010761e+01 
-9.410831e-02 2.998456e+00 2.998457e+00 -9.956875e-05 -2.285753e-06 0 -1.100163e-05 2.272586e-09 1.010761e+01 
-6.279052e-02 2.998870e+00 2.998869e+00 -9.956829e-05 1.553634e-06 0 7.352390e-06 2.272586e-09 1.010761e+01 
-3.141076e-02 2.999103e+00 2.999104e+00 -9.956877e-05 -8.056303e-07 0 -3.746002e-06 2.272586e-09 1.010761e+01 
-1.110223e-16 2.999175e+00 2.999174e+00 -9.956830e-05 1.052322e-07 0 2.645307e-07 2.272586e-09 1.010761e+01 
3.141076e-02 2.999103e+00 2.999104e+00 -9.956877e-05 6.882176e-07 0 3.447528e-06 2.272586e-09 1.010761e+01 
6.279052e-02 2.998870e+00 2.998869e+00 -9.956829e-05 -1.562848e-06 0 -7.366229e-06 2.272586e-09 1.010761e+01 
9.410831e-02 2.998456e+00 2.998457e+00 -9.956875e-05 2.280748e-06 0 1.098205e-05 2.272586e-09 1.010761e+01 
1.253332e-01 2.997804e+00 2.997803e+00 -9.956827e-05 -2.925997e-06 0 -1.444538e-05 2.272586e-09 1.010761e+01 
1.564345e-01 2.996848e+00 2.996849e+00 -9.956872e-05 3.565474e-06 0 1.806270e-05 2.272586e-09 1.010761e+01 
1.873813e-01 2.995484e+00 2.995483e+00 -9.956824e-05 -4.308071e-06 0 -2.198859e-05 2.272586e-09 1.010761e+01 
2.181432e-01 2.993592e+00 2.993593e+00 -9.956867e-05 4.994477e-06 0 2.603563e-05 2.272586e-09 1.010761e+01 
2.486899e-01 2.991004e+00 2.991003e+00 -9.956820e-05 -5.770500e-06 0 -3.038528e-05 2.272586e-09 1.010761e+01 
2.789911e-01 2.987534e+00 2.987535e+00 -9.956861e-05 6.475532e-06 0 3.490914e-05 2.272586e-09 1.010761e+01 
3.090170e-01 2.982941e+00 2.982940e+00 -9.956815e-05 -7.213966e-06 0 -3.961531e-05 2.272586e-09 1.010761e+01 
3.387379e-01 2.976966e+00 2.976967e+00 -9.956854e-05 7.914863e-06 0 4.467344e-05 2.272586e-09 1.010761e+01 
3.681246e-01 2.969294e+00 2.969293e+00 -9.956808e-05 -8.851236e-06 0 -5.038912e-05 2.272586e-09 1.010761e+01 
3.971479e-01 2.959595e+00 2.959596e+00 -9.956845e-05 9.621908e-06 0 5.618974e-05 2.272586e-09 1.010761e+01 
4.257793e-01 2.947496e+00 2.947495e+00 -9.956801e-05 -1.056242e-05 0 -6.243136e-05 2.272586e-09 1.010761e+01 
4.539905e-01 2.932616e+00 2.932617e+00 -9.956834e-05 1.141554e-05 0 6.893931e-05 2.272586e-09 1.010761e+01 
4.817537e-01 2.914549e+00 2.914548e+00 -9.956793e-05 -1.234217e-05 0 -7.548460e-05 2.272586e-09 1.010761e+01 
5.090414e-01 2.892901e+00 2.892902e+00 -9.956822e-05 1.296531e-05 0 8.174318e-05 2.272586e-09 1.010761e+01 
5.358268e-01 2.867270e+00 2.867269e+00 -9.956783e-05 -1.386928e-05 0 -8.832785e-05 2.272586e-09 1.010761e+01 
5.620834e-01 2.837290e+00 2.837291e+00 -9.956808e-05 1.465687e-05 0 9.492079e-05 2.272586e-09 1.010761e+01 
5.877853e-01 2.802608e+00 2.802607e+00 -9.956773e-05 -1.570755e-05 0 -1.014165e-04 2.272586e-09 1.010761e+01 
6.129071e-01 2.762926e+00 2.762927e+00 -9.956793e-05 1.620834e-05 0 1.067355e-04 2.272586e-09 1.010761e+01 
6.374240e-01 2.717977e+00 2.717977e+00 -9.956762e-05 -1.663665e-05 0 -1.109667e-04 2.272586e-09 1.010761e+01 
6.613119e-01 2.667566e+00 2.667566e+00 -9.956778e-05 1.666561e-05 0 1.144580e-04 2.272586e-09 1.010761e+01 
6.845471e-01 2.611537e+00 2.611536e+00 -9.956750e-05 -1.713844e-05 0 -1.176291e-04 2.272586e-09 1.010761e+01 
7.071068e-01 2.549817e+00 2.549818e+00 -9.956761e-05 1.717100e-05 0 1.199230e-04 2.272586e-09 1.010761e+01 
7.289686e-01 2.482379e+00 2.482379e+00 -9.956736e-05 -1.752024e-05 0 -1.212974e-04 2.272586e-09 1.010761e+01 
7.501111e-01 2.409278e+00 2.409279e+00 -9.956743e-05 1.709847e-05 0 1.213689e-04 2.272586e-09 1.010761e+01 
7.705132e-01 2.330614e+00 2.330614e+00 -9.956721e-05 -1.731718e-05 0 -1.210601e-04 2.272586e-09 1.010761e+01 
7.901550e-01 2.246566e+00 2.246567e+00 -9.956725e-05 1.667723e-05 0 1.193749e-04 2.272586e-09 1.010761e+01 
8.090170e-01 2.157353e+00 2.157352e+00 -9.956706e-05 -1.736905e-05 0 -1.187819e-04 2.272586e-09 1.010761e+01 
8.270806e-01 2.063264e+00 2.063264e+00 -9.956708e-05 1.528720e-05 0 1.123485e-04 2.272586e-09 1.010761e+01 
8.443279e-01 1.964623e+00 1.964622e+00 -9.956692e-05 -1.903800e-05 0 -1.187984e-04 2.272586e-09 1.010761e+01 
8.607420e-01 1.861817e+00 1.861817e+00 -9.956699e-05 1.101411e-05 0 9.376557e-05 2.272586e-09 1.010761e+01 
8.763067e-01 1.755258e+00 1.755257e+00 -9.956695e-05 -2.518146e-05 0 -1.331886e-04 2.272586e-09 1.010761e+01 
8.910065e-01 1.645419e+00 1.645419e+00 -9.956721e-05 -7.847581e-07 0 4.398163e-05 2.272586e-09 1.010761e+01 
9.048271e-01 1.532797e+00 1.532795e+00 -9.956755e-05 -4.267225e-05 0 -1.953639e-04 2.272586e-09 1.010761e+01 
9.177546e-01 1.417947e+00 1.417946e+00 -9.956840e-05 -2.683934e-05 0 -8.365301e-05 2.272586e-09 1.010761e+01 
9.297765e-01 1.301462e+00 1.301458e+00 -9.956967e-05 -7.846567e-05 0 -3.731973e-04 2.272586e-09 1.010761e+01 
9.408808e-01 1.184010e+00 1.184004e+00 -9.957184e-05 -7.385913e-05 0 -3.845698e-04 2.272586e-09 1.010761e+01 
9.510565e-01 1.066324e+00 1.066316e+00 -9.957489e-05 -1.367357e-04 0 -7.982314e-04 2.272586e-09 1.010761e+01 
9.602937e-01 9.492696e-01 9.492571e-01 -9.957928e-05 -1.419489e-04 0 -1.035030e-03 2.272586e-09 1.010761e+01 
9.685832e-01 8.338526e-01 8.338343e-01 -9.958494e-05 -2.131863e-04 0 -1.706185e-03 2.272586e-09 1.010761e+01 
9.759168e-01 7.213292e-01 7.213037e-01 -9.959213e-05 -2.206521e-04 0 -2.339215e-03 2.272586e-09 1.010761e+01 
9.822873e-01 6.132802e-01 6.132455e-01 -9.960049e-05 -2.921981e-04 0 -3.476744e-03 2.272586e-09 1.010761e+01 
9.876883e-01 5.117859e-01 5.117402e-01 -9.960987e-05 -2.888806e-04 0 -4.730160e-03 2.272586e-09 1.010761e+01 
9.921147e-01 4.195866e-01 4.195286e-01 -9.961943e-05 -3.517522e-04 0 -6.524643e-03 2.272586e-09 1.010761e+01 
9.955620e-01 3.402728e-01 3.402020e-01 -9.962851e-05 -3.244602e-04 0 -8.408119e-03 2.272586e-09 1.010761e+01 
9.980267e-01 2.782681e-01 2.781858e-01 -9.963595e-05 -3.809225e-04 0 -1.048560e-02 2.272586e-09 1.010761e+01 
9.995066e-01 2.383695e-01 2.382788e-01 -9.964094e-05 -3.195596e-04 0 -1.194381e-02 2.272586e-09 1.010761e+01 
1 2.245438e-01 2.244501e-01 -9.964267e-05 -4.744610e-04 0 -1.273767e-02 2.272586e-09 1.010761e+01 
ZONE T="0.006", I=101
-1 2.245438e-01 2.244501e-01 -9.960871e-05 3.653521e-04 0 1.153986e-02 1.558696e-09 9.817383e+00 
-9.995066e-01 2.371754e-01 2.370845e-01 -9.960681e-05 3.118551e-04 0 1.097247e-02 1.558696e-09 9.817383e+00 
-9.980267e-01 2.737436e-01 2.736604e-01 -9.960134e-05 3.322842e-04 0 9.692671e-03 1.558696e-09 9.817383e+00 
-9.955620e-01 3.308678e-01 3.307954e-01 -9.959305e-05 3.096531e-04 0 7.945268e-03 1.558696e-09 9.817383e+00 
-9.921147e-01 4.043662e-01 4.043060e-01 -9.958287e-05 3.121973e-04 0 6.234312e-03 1.558696e-09 9.817383e+00 
-9.876883e-01 4.902795e-01 4.902312e-01 -9.957192e-05 2.792109e-04 0 4.662687e-03 1.558696e-09 9.817383e+00 
-9.822873e-01 5.853184e-01 5.852809e-01 -9.956106e-05 2.648711e-04 0 3.441950e-03 1.558696e-09 9.817383e+00 
-9.759168e-01 6.869215e-01 6.868934e-01 -9.955107e-05 2.213962e-04 0 2.430542e-03 1.558696e-09 9.817383e+00 
-9.685832e-01 7.931237e-01 7.931031e-01 -9.954236e-05 1.981339e-04 0 1.741167e-03 1.558696e-09 9.817383e+00 
-9.602937e-01 9.024177e-01 9.024031e-01 -9.953520e-05 1.523265e-04 0 1.161232e-03 1.558696e-09 9.817383e+00 
-9.510565e-01 1.013611e+00 1.013601e+00 -9.952956e-05 1.299801e-04 0 8.250790e-04 1.558696e-09 9.817383e+00 
-9.408808e-01 1.125745e+00 1.125738e+00 -9.952538e-05 8.964294e-05 0 5.018115e-04 1.558696e-09 9.817383e+00 
-9.297765e-01 1.238010e+00 1.238006e+00 -9.952238e-05 7.468011e-05 0 3.697051e-04 1.558696e-09 9.817383e+00 
-9.177546e-01 1.349718e+00 1.349715e+00 -9.952040e-05 4.360402e-05 0 1.834200e-04 1.558696e-09 9.817383e+00 
-9.048271e-01 1.460251e+00 1.460249e+00 -9.951911e-05 3.811754e-05 0 1.621950e-04 1.558696e-09 9.817383e+00 
-8.910065e-01 1.569063e+00 1.569062e+00 -9.951839e-05 1.562631e-05 0 4.196280e-05 1.558696e-09 9.817383e+00 
-8.763067e-01 1.675644e+00 1.675644e+00 -9.951796e-05 1.827549e-05 0 7.827631e-05 1.558696e-09 9.817383e+00 
-8.607420e-01 1.779537e+00 1.779537e+00 -9.951782e-05 1.853323e-06 0 -1.439237e-05 1.558696e-09 9.817383e+00 
-8.443279e-01 1.880310e+00 1.880310e+00 -9.951774e-05 9.703426e-06 0 5.006790e-05 1.558696e-09 9.817383e+00 
-8.270806e-01 1.977576e+00 1.977576e+00 -9.951779e-05 -3.570280e-06 0 -3.426324e-05 1.558696e-09 9.817383e+00 
-8.090170e-01 2.070974e+00 2.070974e+00 -9.951781e-05 6.812925e-06 0 4.314442e-05 1.558696e-09 9.817383e+00 
-7.901550e-01 2.160191e+00 2.160192e+00 -9.951792e-05 -5.226703e-06 0 -4.050999e-05 1.558696e-09 9.817383e+00 
-7.705132e-01 2.244943e+00 2.244942e+00 -9.951795e-05 6.111325e-06 0 4.246489e-05 1.558696e-09 9.817383e+00 
-7.501111e-01 2.324997e+00 2.324997e+00 -9.951808e-05 -5.745509e-06 0 -4.245043e-05 1.558696e-09 9.817383e+00 
-7.289686e-01 2.400156e+00 2.400156e+00 -9.951810e-05 6.111277e-06 0 4.283906e-05 1.558696e-09 9.817383e+00 
-7.071068e-01 2.470283e+00 2.470283e+00 -9.951824e-05 -5.900710e-06 0 -4.267087e-05 1.558696e-09 9.817383e+00 
-6.845471e-01 2.535278e+00 2.535278e+00 -9.951824e-05 6.096414e-06 0 4.235956e-05 1.558696e-09 9.817383e+00 
-6.613119e-01 2.595104e+00 2.595105e+00 -9.951839e-05 -5.824534e-06 0 -4.153602e-05 1.558696e-09 9.817383e+00 
-6.374240e-01 2.649767e+00 2.649767e+00 -9.951838e-05 5.921030e-06 0 4.063395e-05 1.558696e-09 9.817383e+00 
-6.129071e-01 2.699335e+00 2.699336e+00 -9.951853e-05 -5.708249e-06 0 -3.944090e-05 1.558696e-09 9.817383e+00 
-5.877853e-01 2.743917e+00 2.743917e+00 -9.951850e-05 5.648217e-06 0 3.792643e-05 1.558696e-09 9.817383e+00 
-5.620834e-01 2.783682e+00 2.783682e+00 -9.951866e-05 -5.234169e-06 0 -3.588762e-05 1.558696e-09 9.817383e+00 
-5.358268e-01 2.818830e+00 2.818830e+00 -9.951861e-05 5.158093e-06 0 3.405202e-05 1.558696e-09 9.817383e+00 
-5.090414e-01 2.849617e+00 2.849617e+00 -9.951878e-05 -4.794289e-06 0 -3.188442e-05 1.558696e-09 9.817383e+00 
-4.817537e-01 2.876318e+00 2.876317e+00 -9.951871e-05 4.601730e-06 0 2.968246e-05 1.558696e-09 9.817383e+00 
-4.539905e-01 2.899247e+00 2.899247e+00 -9.951889e-05 -4.244531e-06 0 -2.739581e-05 1.558696e-09 9.817383e+00 
-4.257793e-01 2.918726e+00 2.918726e+00 -9.951880e-05 4.035345e-06 0 2.518095e-05 1.558696e-09 9.817383e+00 
-3.971479e-01 2.935100e+00 2.935101e+00 -9.951898e-05 -3.655508e-06 0 -2.284984e-05 1.558696e-09 9.817383e+00 
-3.681246e-01 2.948706e+00 2.948706e+00 -9.951887e-05 3.390695e-06 0 2.061342e-05 1.558696e-09 9.817383e+00 
-3.387379e-01 2.959884e+00 2.959885e+00 -9.951906e-05 -3.015188e-06 0 -1.838521e-05 1.558696e-09 9.817383e+00 
-3.090170e-01 2.968955e+00 2.968954e+00 -9.951894e-05 2.812402e-06 0 1.646477e-05 1.558696e-09 9.817383e+00 
-2.789911e-01 2.976227e+00 2.976228e+00 -9.951913e-05 -2.493566e-06 0 -1.451938e-05 1.558696e-09 9.817383e+00 
-2.486899e-01 2.981980e+00 2.981979e+00 -9.951900e-05 2.280017e-06 0 1.276002e-05 1.558696e-09 9.817383e+00 
-2.181432e-01 2.986471e+00 2.986471e+00 -9.951919e-05 -1.962669e-06 0 -1.095810e-05 1.558696e-09 9.817383e+00 
-1.873813e-01 2.989920e+00 2.989919e+00 -9.951904e-05 1.652061e-06 0 9.130506e-06 1.558696e-09 9.817383e+00 
-1.564345e-01 2.992524e+00 2.992524e+00 -9.951923e-05 -1.320667e-06 0 -7.409216e-06 1.558696e-09 9.817383e+00 
-1.253332e-01 2.994439e+00 2.994439e+00 -9.951907e-05 1.090664e-06 0 5.912889e-06 1.558696e-09 9.817383e+00 
-9.410831e-02 2.995800e+00 2.995801e+00 -9.951926e-05 -8.076434e-07 0 -4.395765e-06 1.558696e-09 9.817383e+00 
-6.279052e-02 2.996701e+00 2.996700e+00 -9.951909e-05 5.698848e-07 0 2.974107e-06 1.558696e-09 9.817383e+00 
-3.141076e-02 2.997216e+00 2.997216e+00 -9.951927e-05 -3.154489e-07 0 -1.566076e-06 1.558696e-09 9.817383e+00 
-1.110223e-16 2.997381e+00 2.997380e+00 -9.951910e-05 5.044902e-08 0 1.267562e-07 1.558696e-09 9.817383e+00 
3.141076e-02 2.997216e+00 2.997216e+00 -9.951927e-05 2.415346e-07 0 1.379956e-06 1.558696e-09 9.817383e+00 
6.279052e-02 2.996701e+00 2.996700e+00 -9.951909e-05 -5.552419e-07 0 -2.934689e-06 1.558696e-09 9.817383e+00 
9.410831e-02 2.995800e+00 2.995801e+00 -9.951926e-05 8.336506e-07 0 4.457339e-06 1.558696e-09 9.817383e+00 
1.253332e-01 2.994439e+00 2.994439e+00 -9.951907e-05 -1.108582e-06 0 -5.953811e-06 1.558696e-09 9.817383e+00 
1.564345e-01 2.992524e+00 2.992524e+00 -9.951923e-05 1.307191e-06 0 7.373124e-06 1.558696e-09 9.817383e+00 
1.873813e-01 2.989920e+00 2.989919e+00 -9.951904e-05 -1.634064e-06 0 -9.083225e-06 1.558696e-09 9.817383e+00 
2.181432e-01 2.986471e+00 2.986471e+00 -9.951919e-05 1.950571e-06 0 1.092509e-05 1.558696e-09 9.817383e+00 
2.486899e-01 2.981980e+00 2.981979e+00 -9.951900e-05 -2.271763e-06 0 -1.273764e-05 1.558696e-09 9.817383e+00 
2.789911e-01 2.976227e+00 2.976228e+00 -9.951913e-05 2.486739e-06 0 1.449881e-05 1.558696e-09 9.817383e+00 
3.090170e-01 2.968955e+00 2.968954e+00 -9.951894e-05 -2.786715e-06 0 -1.639952e-05 1.558696e-09 9.817383e+00 
3.387379e-01 2.959884e+00 2.959885e+00 -9.951906e-05 3.000737e-06 0 1.834949e-05 1.558696e-09 9.817383e+00 
3.681246e-01 2.948706e+00 2.948706e+00 -9.951887e-05 -3.393163e-06 0 -2.061673e-05 1.558696e-09 9.817383e+00 
3.971479e-01 2.935100e+00 2.935101e+00 -9.951898e-05 3.641486e-06 0 2.281432e-05 1.558696e-09 9.817383e+00 
4.257793e-01 2.918726e+00 2.918726e+00 -9.951880e-05 -4.011629e-06 0 -2.512426e-05 1.558696e-09 9.817383e+00 
4.539905e-01 2.899247e+00 2.899247e+00 -9.951889e-05 4.249969e-06 0 2.741604e-05 1.558696e-09 9.817383e+00 
4.817537e-01 2.876318e+00 2.876317e+00 -9.951871e-05 -4.657432e-06 0 -2.981692e-05 1.558696e-09 9.817383e+00 
5.090414e-01 2.849617e+00 2.849617e+00 -9.951878e-05 4.867798e-06 0 3.205733e-05 1.558696e-09 9.817383e+00 
5.358268e-01 2.818830e+00 2.818830e+00 -9.951861e-05 -5.262081e-06 0 -3.429274e-05 1.558696e-09 9.817383e+00 
5.620834e-01 2.783682e+00 2.783682e+00 -9.951866e-05 5.342067e-06 0 3.611651e-05 1.558696e-09 9.817383e+00 
5.877853e-01 2.743917e+00 2.743917e+00 -9.951849e-05 -5.702682e-06 0 -3.803215e-05 1.558696e-09 9.817383e+00 
6.129071e-01 2.699335e+00 2.699336e+00 -9.951852e-05 5.740606e-06 0 3.949980e-05 1.558696e-09 9.817383e+00 
6.374240e-01 2.649767e+00 2.649767e+00 -9.951837e-05 -5.922593e-06 0 -4.061684e-05 1.558696e-09 9.817383e+00 
6.613119e-01 2.595104e+00 2.595105e+00 -9.951838e-05 5.797304e-06 0 4.147720e-05 1.558696e-09 9.817383e+00 
6.845471e-01 2.535278e+00 2.535278e+00 -9.951824e-05 -6.084801e-06 0 -4.232884e-05 1.558696e-09 9.817383e+00 
7.071068e-01 2.470283e+00 2.470283e+00 -9.951823e-05 5.899122e-06 0 4.267107e-05 1.558696e-09 9.817383e+00 
7.289686e-01 2.400156e+00 2.400156e+00 -9.951810e-05 -6.125861e-06 0 -4.285682e-05 1.558696e-09 9.817383e+00 
7.501111e-01 2.324997e+00 2.324997e+00 -9.951808e-05 5.737268e-06 0 4.243108e-05 1.558696e-09 9.817383e+00 
7.705132e-01 2.244943e+00 2.244942e+00 -9.951795e-05 -6.129138e-06 0 -4.250219e-05 1.558696e-09 9.817383e+00 
7.901550e-01 2.160191e+00 2.160192e+00 -9.951792e-05 5.247211e-06 0 4.052622e-05 1.558696e-09 9.817383e+00 
8.090170e-01 2.070974e+00 2.070974e+00 -9.951780e-05 -6.799536e-06 0 -4.312382e-05 1.558696e-09 9.817383e+00 
8.270806e-01 1.977576e+00 1.977576e+00 -9.951778e-05 3.567215e-06 0 3.424602e-05 1.558696e-09 9.817383e+00 
8.443279e-01 1.880310e+00 1.880310e+00 -9.951773e-05 -9.692222e-06 0 -5.005619e-05 1.558696e-09 9.817383e+00 
8.607420e-01 1.779537e+00 1.779537e+00 -9.951781e-05 -1.831624e-06 0 1.441858e-05 1.558696e-09 9.817383e+00 
8.763067e-01 1.675644e+00 1.675644e+00 -9.951795e-05 -1.828196e-05 0 -7.827852e-05 1.558696e-09 9.817383e+00 
8.910065e-01 1.569063e+00 1.569062e+00 -9.951838e-05 -1.566695e-05 0 -4.203935e-05 1.558696e-09 9.817383e+00 
9.048271e-01 1.460251e+00 1.460249e+00 -9.951910e-05 -3.806383e-05 0 -1.621363e-04 1.558696e-09 9.817383e+00 
9.177546e-01 1.349718e+00 1.349715e+00 -9.952039e-05 -4.359804e-05 0 -1.834181e-04 1.558696e-09 9.817383e+00 
9.297765e-01 1.238010e+00 1.238006e+00 -9.952237e-05 -7.468738e-05 0 -3.697251e-04 1.558696e-09 9.817383e+00 
9.408808e-01 1.125745e+00 1.125738e+00 -9.952537e-05 -8.962988e-05 0 -5.018112e-04 1.558696e-09 9.817383e+00 
9.510565e-01 1.013611e+00 1.013601e+00 -9.952955e-05 -1.299650e-04 0 -8.250736e-04 1.558696e-09 9.817383e+00 
9.602937e-01 9.024177e-01 9.024031e-01 -9.953520e-05 -1.523195e-04 0 -1.161241e-03 1.558696e-09 9.817383e+00 
9.685832e-01 7.931237e-01 7.931031e-01 -9.954235e-05 -1.981135e-04 0 -1.741160e-03 1.558696e-09 9.817383e+00 
9.759168e-01 6.869215e-01 6.868934e-01 -9.955107e-05 -2.213708e-04 0 -2.430530e-03 1.558696e-09 9.817383e+00 
9.822873e-01 5.853184e-01 5.852809e-01 -9.956105e-05 -2.648443e-04 0 -3.441933e-03 1.558696e-09 9.817383e+00 
9.876883e-01 4.902795e-01 4.902312e-01 -9.957192e-05 -2.791846e-04 0 -4.662671e-03 1.558696e-09 9.817383e+00 
9.921147e-01 4.043662e-01 4.043060e-01 -9.958287e-05 -3.121703e-04 0 -6.234291e-03 1.558696e-09 9.817383e+00 
9.955620e-01 3.308678e-01 3.307954e-01 -9.959304e-05 -3.096259e-04 0 -7.945245e-03 1.558696e-09 9.817383e+00 
9.980267e-01 2.737436e-01 2.736604e-01 -9.960133e-05 -3.322554e-04 0 -9.692642e-03 1.558696e-09 9.817383e+00 
9.995066e-01 2.371754e-01 2.370845e-01 -9.960680e-05 -3.118273e-04 0 -1.097245e-02 1.558696e-09 9.817383e+00 
1 2.245438e-01 2.244501e-01 -9.960871e-05 -3.653206e-04 0 -1.153982e-02 1.558696e-09 9.817383e+00 
ZONE T="0.007", I=101
-1 2.245437e-01 2.244501e-01 -9.957757e-05 3.148531e-04 0 1.065298e-02 9.916182e-10 9.550809e+00 
-9.995066e-01 2.362478e-01 2.361568e-01 -9.957551e-05 2.954511e-04 0 1.019911e-02 9.916182e-10 9.550809e+00 
-9.980267e-01 2.702147e-01 2.701308e-01 -9.956959e-05 3.018613e-04 0 9.072596e-03 9.916182e-10 9.550809e+00 
-9.955620e-01 3.234940e-01 3.234203e-01 -9.956053e-05 2.913305e-04 0 7.548680e-03 9.916182e-10 9.550809e+00 
-9.921147e-01 3.923694e-01 3.923072e-01 -9.954933e-05 2.866209e-04 0 5.996323e-03 9.916182e-10 9.550809e+00 
-9.876883e-01 4.732460e-01 4.731955e-01 -9.953711e-05 2.655510e-04 0 4.574663e-03 9.916182e-10 9.550809e+00 
-9.822873e-01 5.630789e-01 5.630391e-01 -9.952483e-05 2.472659e-04 0 3.415082e-03 9.916182e-10 9.550809e+00 
-9.759168e-01 6.594561e-01 6.594257e-01 -9.951332e-05 2.158740e-04 0 2.475295e-03 9.916182e-10 9.550809e+00 
-9.685832e-01 7.605079e-01 7.604852e-01 -9.950311e-05 1.894357e-04 0 1.782680e-03 9.916182e-10 9.550809e+00 
-9.602937e-01 8.647888e-01 8.647723e-01 -9.949451e-05 1.545885e-04 0 1.238767e-03 9.916182e-10 9.550809e+00 
-9.510565e-01 9.711553e-01 9.711436e-01 -9.948757e-05 1.281119e-04 0 8.701092e-04 9.916182e-10 9.550809e+00 
-9.408808e-01 1.078687e+00 1.078679e+00 -9.948226e-05 9.672562e-05 0 5.732655e-04 9.916182e-10 9.550809e+00 
-9.297765e-01 1.186615e+00 1.186610e+00 -9.947834e-05 7.607637e-05 0 3.970761e-04 9.916182e-10 9.550809e+00 
-9.177546e-01 1.294285e+00 1.294281e+00 -9.947561e-05 5.195922e-05 0 2.388381e-04 9.916182e-10 9.550809e+00 
-9.048271e-01 1.401116e+00 1.401114e+00 -9.947377e-05 3.945188e-05 0 1.693356e-04 9.916182e-10 9.550809e+00 
-8.910065e-01 1.506597e+00 1.506595e+00 -9.947264e-05 2.330256e-05 0 8.357879e-05 9.916182e-10 9.550809e+00 
-8.763067e-01 1.610253e+00 1.610252e+00 -9.947196e-05 1.786866e-05 0 6.943865e-05 9.916182e-10 9.550809e+00 
-8.607420e-01 1.711657e+00 1.711657e+00 -9.947162e-05 7.890655e-06 0 1.827997e-05 9.916182e-10 9.550809e+00 
-8.443279e-01 1.810409e+00 1.810408e+00 -9.947145e-05 7.640235e-06 0 3.138350e-05 9.916182e-10 9.550809e+00 
-8.270806e-01 1.906144e+00 1.906144e+00 -9.947142e-05 1.133925e-06 0 -5.898654e-06 9.916182e-10 9.550809e+00 
-8.090170e-01 1.998526e+00 1.998525e+00 -9.947143e-05 3.719997e-06 0 1.940516e-05 9.916182e-10 9.550809e+00 
-7.901550e-01 2.087252e+00 2.087252e+00 -9.947150e-05 -1.241544e-06 0 -1.361841e-05 9.916182e-10 9.550809e+00 
-7.705132e-01 2.172048e+00 2.172048e+00 -9.947155e-05 2.554019e-06 0 1.662907e-05 9.916182e-10 9.550809e+00 
-7.501111e-01 2.252681e+00 2.252681e+00 -9.947164e-05 -1.888520e-06 0 -1.570535e-05 9.916182e-10 9.550809e+00 
-7.289686e-01 2.328949e+00 2.328949e+00 -9.947169e-05 2.266737e-06 0 1.621890e-05 9.916182e-10 9.550809e+00 
-7.071068e-01 2.400694e+00 2.400694e+00 -9.947178e-05 -2.005897e-06 0 -1.605233e-05 9.916182e-10 9.550809e+00 
-6.845471e-01 2.467793e+00 2.467793e+00 -9.947183e-05 2.241499e-06 0 1.612897e-05 9.916182e-10 9.550809e+00 
-6.613119e-01 2.530173e+00 2.530173e+00 -9.947193e-05 -2.060456e-06 0 -1.591847e-05 9.916182e-10 9.550809e+00 
-6.374240e-01 2.587799e+00 2.587798e+00 -9.947196e-05 2.178695e-06 0 1.567385e-05 9.916182e-10 9.550809e+00 
-6.129071e-01 2.640684e+00 2.640684e+00 -9.947206e-05 -1.994810e-06 0 -1.522150e-05 9.916182e-10 9.550809e+00 
-5.877853e-01 2.688881e+00 2.688881e+00 -9.947209e-05 2.132793e-06 0 1.491656e-05 9.916182e-10 9.550809e+00 
-5.620834e-01 2.732493e+00 2.732493e+00 -9.947218e-05 -1.904455e-06 0 -1.421220e-05 9.916182e-10 9.550809e+00 
-5.358268e-01 2.771655e+00 2.771655e+00 -9.947220e-05 1.929814e-06 0 1.356710e-05 9.916182e-10 9.550809e+00 
-5.090414e-01 2.806547e+00 2.806547e+00 -9.947230e-05 -1.745277e-06 0 -1.279447e-05 9.916182e-10 9.550809e+00 
-4.817537e-01 2.837378e+00 2.837377e+00 -9.947230e-05 1.766694e-06 0 1.210443e-05 9.916182e-10 9.550809e+00 
-4.539905e-01 2.864389e+00 2.864390e+00 -9.947240e-05 -1.613865e-06 0 -1.130710e-05 9.916182e-10 9.550809e+00 
-4.257793e-01 2.887843e+00 2.887843e+00 -9.947239e-05 1.623632e-06 0 1.059442e-05 9.916182e-10 9.550809e+00 
-3.971479e-01 2.908022e+00 2.908022e+00 -9.947248e-05 -1.438082e-06 0 -9.680420e-06 9.916182e-10 9.550809e+00 
-3.681246e-01 2.925215e+00 2.925215e+00 -9.947246e-05 1.322791e-06 0 8.700688e-06 9.916182e-10 9.550809e+00 
-3.387379e-01 2.939721e+00 2.939722e+00 -9.947256e-05 -1.138165e-06 0 -7.766233e-06 9.916182e-10 9.550809e+00 
-3.090170e-01 2.951831e+00 2.951831e+00 -9.947253e-05 1.152561e-06 0 7.146896e-06 9.916182e-10 9.550809e+00 
-2.789911e-01 2.961833e+00 2.961834e+00 -9.947263e-05 -9.510962e-07 0 -6.209360e-06 9.916182e-10 9.550809e+00 
-2.486899e-01 2.969995e+00 2.969995e+00 -9.947259e-05 8.325202e-07 0 5.333037e-06 9.916182e-10 9.550809e+00 
-2.181432e-01 2.976573e+00 2.976573e+00 -9.947268e-05 -7.395844e-07 0 -4.680212e-06 9.916182e-10 9.550809e+00 
-1.873813e-01 2.981792e+00 2.981791e+00 -9.947263e-05 6.849500e-07 0 4.036677e-06 9.916182e-10 9.550809e+00 
-1.564345e-01 2.985858e+00 2.985858e+00 -9.947272e-05 -5.049977e-07 0 -3.205634e-06 9.916182e-10 9.550809e+00 
-1.253332e-01 2.988942e+00 2.988942e+00 -9.947267e-05 4.508111e-07 0 2.620037e-06 9.916182e-10 9.550809e+00 
-9.410831e-02 2.991192e+00 2.991192e+00 -9.947275e-05 -3.803724e-07 0 -2.078029e-06 9.916182e-10 9.550809e+00 
-6.279052e-02 2.992717e+00 2.992717e+00 -9.947268e-05 2.546218e-07 0 1.366455e-06 9.916182e-10 9.550809e+00 
-3.141076e-02 2.993601e+00 2.993601e+00 -9.947276e-05 -9.139010e-08 0 -6.005180e-07 9.916182e-10 9.550809e+00 
-1.110223e-16 2.993889e+00 2.993889e+00 -9.947269e-05 -2.411255e-08 0 -5.858339e-08 9.916182e-10 9.550809e+00 
3.141076e-02 2.993601e+00 2.993601e+00 -9.947276e-05 1.318091e-07 0 6.983663e-07 9.916182e-10 9.550809e+00 
6.279052e-02 2.992717e+00 2.992717e+00 -9.947268e-05 -2.721158e-07 0 -1.407099e-06 9.916182e-10 9.550809e+00 
9.410831e-02 2.991192e+00 2.991192e+00 -9.947275e-05 3.773397e-07 0 2.068300e-06 9.916182e-10 9.550809e+00 
1.253332e-01 2.988942e+00 2.988942e+00 -9.947267e-05 -4.337973e-07 0 -2.574760e-06 9.916182e-10 9.550809e+00 
1.564345e-01 2.985858e+00 2.985858e+00 -9.947272e-05 4.800065e-07 0 3.142394e-06 9.916182e-10 9.550809e+00 
1.873813e-01 2.981792e+00 2.981791e+00 -9.947263e-05 -6.990098e-07 0 -4.070159e-06 9.916182e-10 9.550809e+00 
2.181432e-01 2.976573e+00 2.976573e+00 -9.947268e-05 7.776166e-07 0 4.769555e-06 9.916182e-10 9.550809e+00 
2.486899e-01 2.969995e+00 2.969995e+00 -9.947259e-05 -8.311870e-07 0 -5.326151e-06 9.916182e-10 9.550809e+00 
2.789911e-01 2.961833e+00 2.961834e+00 -9.947263e-05 9.137998e-07 0 6.114428e-06 9.916182e-10 9.550809e+00 
3.090170e-01 2.951831e+00 2.951831e+00 -9.947253e-05 -1.125334e-06 0 -7.082111e-06 9.916182e-10 9.550809e+00 
3.387379e-01 2.939721e+00 2.939722e+00 -9.947256e-05 1.186089e-06 0 7.884092e-06 9.916182e-10 9.550809e+00 
3.681246e-01 2.925215e+00 2.925215e+00 -9.947247e-05 -1.392271e-06 0 -8.859191e-06 9.916182e-10 9.550809e+00 
3.971479e-01 2.908022e+00 2.908022e+00 -9.947249e-05 1.435024e-06 0 9.663754e-06 9.916182e-10 9.550809e+00 
4.257793e-01 2.887843e+00 2.887843e+00 -9.947239e-05 -1.576958e-06 0 -1.047954e-05 9.916182e-10 9.550809e+00 
4.539905e-01 2.864389e+00 2.864390e+00 -9.947240e-05 1.587702e-06 0 1.124859e-05 9.916182e-10 9.550809e+00 
4.817537e-01 2.837378e+00 2.837377e+00 -9.947230e-05 -1.769016e-06 0 -1.210658e-05 9.916182e-10 9.550809e+00 
5.090414e-01 2.806547e+00 2.806547e+00 -9.947229e-05 1.743832e-06 0 1.279050e-05 9.916182e-10 9.550809e+00 
5.358268e-01 2.771655e+00 2.771655e+00 -9.947220e-05 -1.966812e-06 0 -1.365409e-05 9.916182e-10 9.550809e+00 
5.620834e-01 2.732493e+00 2.732493e+00 -9.947218e-05 1.933027e-06 0 1.425361e-05 9.916182e-10 9.550809e+00 
5.877853e-01 2.688881e+00 2.688881e+00 -9.947208e-05 -2.075456e-06 0 -1.478466e-05 9.916182e-10 9.550809e+00 
6.129071e-01 2.640684e+00 2.640684e+00 -9.947206e-05 1.959914e-06 0 1.515838e-05 9.916182e-10 9.550809e+00 
6.374240e-01 2.587799e+00 2.587798e+00 -9.947196e-05 -2.185324e-06 0 -1.568286e-05 9.916182e-10 9.550809e+00 
6.613119e-01 2.530173e+00 2.530173e+00 -9.947193e-05 2.062469e-06 0 1.592472e-05 9.916182e-10 9.550809e+00 
6.845471e-01 2.467793e+00 2.467793e+00 -9.947183e-05 -2.242225e-06 0 -1.612111e-05 9.916182e-10 9.550809e+00 
7.071068e-01 2.400694e+00 2.400694e+00 -9.947178e-05 1.995556e-06 0 1.603716e-05 9.916182e-10 9.550809e+00 
7.289686e-01 2.328949e+00 2.328949e+00 -9.947169e-05 -2.276852e-06 0 -1.623253e-05 9.916182e-10 9.550809e+00 
7.501111e-01 2.252681e+00 2.252681e+00 -9.947164e-05 1.874967e-06 0 1.567435e-05 9.916182e-10 9.550809e+00 
7.705132e-01 2.172048e+00 2.172048e+00 -9.947154e-05 -2.535874e-06 0 -1.660125e-05 9.916182e-10 9.550809e+00 
7.901550e-01 2.087252e+00 2.087252e+00 -9.947149e-05 1.235998e-06 0 1.360751e-05 9.916182e-10 9.550809e+00 
8.090170e-01 1.998526e+00 1.998525e+00 -9.947142e-05 -3.722334e-06 0 -1.941586e-05 9.916182e-10 9.550809e+00 
8.270806e-01 1.906144e+00 1.906144e+00 -9.947142e-05 -1.118464e-06 0 5.919729e-06 9.916182e-10 9.550809e+00 
8.443279e-01 1.810409e+00 1.810408e+00 -9.947144e-05 -7.659334e-06 0 -3.142032e-05 9.916182e-10 9.550809e+00 
8.607420e-01 1.711657e+00 1.711657e+00 -9.947161e-05 -7.855867e-06 0 -1.823563e-05 9.916182e-10 9.550809e+00 
8.763067e-01 1.610253e+00 1.610252e+00 -9.947196e-05 -1.789405e-05 0 -6.947782e-05 9.916182e-10 9.550809e+00 
8.910065e-01 1.506597e+00 1.506595e+00 -9.947263e-05 -2.329777e-05 0 -8.359097e-05 9.916182e-10 9.550809e+00 
9.048271e-01 1.401116e+00 1.401114e+00 -9.947377e-05 -3.942144e-05 0 -1.693045e-04 9.916182e-10 9.550809e+00 
9.177546e-01 1.294285e+00 1.294281e+00 -9.947560e-05 -5.194489e-05 0 -2.388250e-04 9.916182e-10 9.550809e+00 
9.297765e-01 1.186615e+00 1.186610e+00 -9.947833e-05 -7.609152e-05 0 -3.971033e-04 9.916182e-10 9.550809e+00 
9.408808e-01 1.078687e+00 1.078679e+00 -9.948225e-05 -9.669944e-05 0 -5.732446e-04 9.916182e-10 9.550809e+00 
9.510565e-01 9.711553e-01 9.711436e-01 -9.948757e-05 -1.281043e-04 0 -8.701051e-04 9.916182e-10 9.550809e+00 
9.602937e-01 8.647888e-01 8.647723e-01 -9.949450e-05 -1.545716e-04 0 -1.238752e-03 9.916182e-10 9.550809e+00 
9.685832e-01 7.605079e-01 7.604852e-01 -9.950310e-05 -1.894503e-04 0 -1.782702e-03 9.916182e-10 9.550809e+00 
9.759168e-01 6.594561e-01 6.594257e-01 -9.951332e-05 -2.158522e-04 0 -2.475280e-03 9.916182e-10 9.550809e+00 
9.822873e-01 5.630789e-01 5.630391e-01 -9.952483e-05 -2.472637e-04 0 -3.415084e-03 9.916182e-10 9.550809e+00 
9.876883e-01 4.732460e-01 4.731955e-01 -9.953710e-05 -2.655380e-04 0 -4.574657e-03 9.916182e-10 9.550809e+00 
9.921147e-01 3.923694e-01 3.923072e-01 -9.954933e-05 -2.865973e-04 0 -5.996301e-03 9.916182e-10 9.550809e+00 
9.955620e-01 3.234940e-01 3.234203e-01 -9.956053e-05 -2.913192e-04 0 -7.548671e-03 9.916182e-10 9.550809e+00 
9.980267e-01 2.702147e-01 2.701308e-01 -9.956958e-05 -3.018476e-04 0 -9.072581e-03 9.916182e-10 9.550809e+00 
9.995066e-01 2.362478e-01 2.361568e-01 -9.957551e-05 -2.954434e-04 0 -1.019910e-02 9.916182e-10 9.550809e+00 
1 2.245437e-01 2.244501e-01 -9.957757e-05 -3.148077e-04 0 -1.065293e-02 9.916182e-10 9.550809e+00 
ZONE T="0.008", I=101
-1 2.245437e-01 2.244501e-01 -9.954862e-05 2.853143e-04 0 9.950484e-03 7.860697e-10 9.302600e+00 
-9.995066e-01 2.354974e-01 2.354062e-01 -9.954641e-05 2.782867e-04 0 9.565281e-03 7.860697e-10 9.302600e+00 
-9.980267e-01 2.673506e-01 2.672661e-01 -9.954006e-05 2.802039e-04 0 8.564802e-03 7.860697e-10 9.302600e+00 
-9.955620e-01 3.174840e-01 3.174092e-01 -9.953030e-05 2.742763e-04 0 7.207079e-03 7.860697e-10 9.302600e+00 
-9.921147e-01 3.825483e-01 3.824846e-01 -9.951814e-05 2.678549e-04 0 5.790565e-03 7.860697e-10 9.302600e+00 
-9.876883e-01 4.592454e-01 4.591931e-01 -9.950472e-05 2.521194e-04 0 4.483031e-03 7.860697e-10 9.302600e+00 
-9.822873e-01 5.447342e-01 5.446924e-01 -9.949110e-05 2.342318e-04 0 3.387183e-03 7.860697e-10 9.302600e+00 
-9.759168e-01 6.367312e-01 6.366987e-01 -9.947815e-05 2.087685e-04 0 2.498172e-03 7.860697e-10 9.302600e+00 
-9.685832e-01 7.334485e-01 7.334239e-01 -9.946647e-05 1.833966e-04 0 1.818994e-03 7.860697e-10 9.302600e+00 
-9.602937e-01 8.334938e-01 8.334757e-01 -9.945646e-05 1.538887e-04 0 1.293512e-03 7.860697e-10 9.302600e+00 
-9.510565e-01 9.357644e-01 9.357513e-01 -9.944823e-05 1.276157e-04 0 9.150305e-04 7.860697e-10 9.302600e+00 
-9.408808e-01 1.039372e+00 1.039363e+00 -9.944176e-05 1.002807e-04 0 6.253085e-04 7.860697e-10 9.302600e+00 
-9.297765e-01 1.143578e+00 1.143571e+00 -9.943687e-05 7.853852e-05 0 4.307393e-04 7.860697e-10 9.302600e+00 
-9.177546e-01 1.247755e+00 1.247750e+00 -9.943335e-05 5.725035e-05 0 2.782091e-04 7.860697e-10 9.302600e+00 
-9.048271e-01 1.351352e+00 1.351350e+00 -9.943091e-05 4.223862e-05 0 1.877628e-04 7.860697e-10 9.302600e+00 
-8.910065e-01 1.453884e+00 1.453882e+00 -9.942932e-05 2.798714e-05 0 1.100539e-04 7.860697e-10 9.302600e+00 
-8.763067e-01 1.554905e+00 1.554904e+00 -9.942832e-05 1.984475e-05 0 7.573266e-05 7.860697e-10 9.302600e+00 
-8.607420e-01 1.654011e+00 1.654011e+00 -9.942775e-05 1.138528e-05 0 3.576921e-05 7.860697e-10 9.302600e+00 
-8.443279e-01 1.750827e+00 1.750827e+00 -9.942745e-05 8.087467e-06 0 2.921379e-05 7.860697e-10 9.302600e+00 
-8.270806e-01 1.845010e+00 1.845010e+00 -9.942733e-05 3.459628e-06 0 6.560200e-06 7.860697e-10 9.302600e+00 
-8.090170e-01 1.936241e+00 1.936240e+00 -9.942729e-05 3.186800e-06 0 1.283618e-05 7.860697e-10 9.302600e+00 
-7.901550e-01 2.024230e+00 2.024230e+00 -9.942732e-05 5.540586e-07 0 -3.115328e-06 7.860697e-10 9.302600e+00 
-7.705132e-01 2.108716e+00 2.108716e+00 -9.942737e-05 1.354465e-06 0 7.794230e-06 7.860697e-10 9.302600e+00 
-7.501111e-01 2.189468e+00 2.189468e+00 -9.942744e-05 -4.705799e-07 0 -5.994902e-06 7.860697e-10 9.302600e+00 
-7.289686e-01 2.266282e+00 2.266282e+00 -9.942750e-05 1.064767e-06 0 7.051085e-06 7.860697e-10 9.302600e+00 
-7.071068e-01 2.338993e+00 2.338993e+00 -9.942758e-05 -7.138598e-07 0 -6.678221e-06 7.860697e-10 9.302600e+00 
-6.845471e-01 2.407465e+00 2.407465e+00 -9.942764e-05 9.065769e-07 0 6.767900e-06 7.860697e-10 9.302600e+00 
-6.613119e-01 2.471603e+00 2.471603e+00 -9.942771e-05 -7.293677e-07 0 -6.636694e-06 7.860697e-10 9.302600e+00 
-6.374240e-01 2.531344e+00 2.531344e+00 -9.942777e-05 9.319725e-07 0 6.722133e-06 7.860697e-10 9.302600e+00 
-6.129071e-01 2.586670e+00 2.586670e+00 -9.942784e-05 -7.648064e-07 0 -6.527562e-06 7.860697e-10 9.302600e+00 
-5.877853e-01 2.637593e+00 2.637593e+00 -9.942789e-05 8.647207e-07 0 6.387074e-06 7.860697e-10 9.302600e+00 
-5.620834e-01 2.684170e+00 2.684170e+00 -9.942796e-05 -6.570869e-07 0 -5.992606e-06 7.860697e-10 9.302600e+00 
-5.358268e-01 2.726488e+00 2.726488e+00 -9.942800e-05 7.205297e-07 0 5.737203e-06 7.860697e-10 9.302600e+00 
-5.090414e-01 2.764675e+00 2.764675e+00 -9.942807e-05 -6.140859e-07 0 -5.455819e-06 7.860697e-10 9.302600e+00 
-4.817537e-01 2.798885e+00 2.798885e+00 -9.942810e-05 7.244818e-07 0 5.313697e-06 7.860697e-10 9.302600e+00 
-4.539905e-01 2.829307e+00 2.829307e+00 -9.942816e-05 -6.523662e-07 0 -5.054640e-06 7.860697e-10 9.302600e+00 
-4.257793e-01 2.856148e+00 2.856148e+00 -9.942819e-05 7.677478e-07 0 4.939989e-06 7.860697e-10 9.302600e+00 
-3.971479e-01 2.879640e+00 2.879640e+00 -9.942825e-05 -6.697077e-07 0 -4.592604e-06 7.860697e-10 9.302600e+00 
-3.681246e-01 2.900027e+00 2.900026e+00 -9.942826e-05 6.071134e-07 0 4.085308e-06 7.860697e-10 9.302600e+00 
-3.387379e-01 2.917563e+00 2.917563e+00 -9.942832e-05 -4.483362e-07 0 -3.541992e-06 7.860697e-10 9.302600e+00 
-3.090170e-01 2.932506e+00 2.932506e+00 -9.942833e-05 4.318677e-07 0 3.157456e-06 7.860697e-10 9.302600e+00 
-2.789911e-01 2.945114e+00 2.945114e+00 -9.942839e-05 -2.198212e-07 0 -2.480201e-06 7.860697e-10 9.302600e+00 
-2.486899e-01 2.955632e+00 2.955632e+00 -9.942839e-05 1.769175e-07 0 2.050380e-06 7.860697e-10 9.302600e+00 
-2.181432e-01 2.964299e+00 2.964299e+00 -9.942844e-05 -2.144863e-07 0 -1.966130e-06 7.860697e-10 9.302600e+00 
-1.873813e-01 2.971332e+00 2.971332e+00 -9.942843e-05 3.190394e-07 0 1.948772e-06 7.860697e-10 9.302600e+00 
-1.564345e-01 2.976930e+00 2.976930e+00 -9.942848e-05 -2.524945e-07 0 -1.621383e-06 7.860697e-10 9.302600e+00 
-1.253332e-01 2.981265e+00 2.981265e+00 -9.942846e-05 2.084592e-07 0 1.270699e-06 7.860697e-10 9.302600e+00 
-9.410831e-02 2.984482e+00 2.984483e+00 -9.942850e-05 -1.533415e-07 0 -9.633527e-07 7.860697e-10 9.302600e+00 
-6.279052e-02 2.986696e+00 2.986696e+00 -9.942848e-05 1.309972e-07 0 6.947537e-07 7.860697e-10 9.302600e+00 
-3.141076e-02 2.987992e+00 2.987992e+00 -9.942851e-05 -8.097078e-08 0 -3.925728e-07 7.860697e-10 9.302600e+00 
-1.110223e-16 2.988418e+00 2.988417e+00 -9.942848e-05 1.600647e-08 0 3.941453e-08 7.860697e-10 9.302600e+00 
3.141076e-02 2.987992e+00 2.987992e+00 -9.942852e-05 6.713641e-08 0 3.585547e-07 7.860697e-10 9.302600e+00 
6.279052e-02 2.986696e+00 2.986696e+00 -9.942848e-05 -1.537988e-07 0 -7.514460e-07 7.860697e-10 9.302600e+00 
9.410831e-02 2.984482e+00 2.984483e+00 -9.942850e-05 1.945652e-07 0 1.064742e-06 7.860697e-10 9.302600e+00 
1.253332e-01 2.981265e+00 2.981265e+00 -9.942846e-05 -2.169640e-07 0 -1.290566e-06 7.860697e-10 9.302600e+00 
1.564345e-01 2.976930e+00 2.976930e+00 -9.942848e-05 2.383146e-07 0 1.588491e-06 7.860697e-10 9.302600e+00 
1.873813e-01 2.971332e+00 2.971332e+00 -9.942843e-05 -3.607698e-07 0 -2.053264e-06 7.860697e-10 9.302600e+00 
2.181432e-01 2.964299e+00 2.964299e+00 -9.942844e-05 2.964657e-07 0 2.166180e-06 7.860697e-10 9.302600e+00 
2.486899e-01 2.955632e+00 2.955632e+00 -9.942839e-05 -2.632913e-07 0 -2.261326e-06 7.860697e-10 9.302600e+00 
2.789911e-01 2.945114e+00 2.945114e+00 -9.942839e-05 3.013842e-07 0 2.672800e-06 7.860697e-10 9.302600e+00 
3.090170e-01 2.932506e+00 2.932506e+00 -9.942833e-05 -4.641566e-07 0 -3.230179e-06 7.860697e-10 9.302600e+00 
3.387379e-01 2.917563e+00 2.917563e+00 -9.942833e-05 4.696709e-07 0 3.591106e-06 7.860697e-10 9.302600e+00 
3.681246e-01 2.900027e+00 2.900026e+00 -9.942826e-05 -6.310878e-07 0 -4.134400e-06 7.860697e-10 9.302600e+00 
3.971479e-01 2.879640e+00 2.879640e+00 -9.942825e-05 6.585927e-07 0 4.560221e-06 7.860697e-10 9.302600e+00 
4.257793e-01 2.856148e+00 2.856148e+00 -9.942819e-05 -7.464908e-07 0 -4.886215e-06 7.860697e-10 9.302600e+00 
4.539905e-01 2.829307e+00 2.829307e+00 -9.942816e-05 6.424633e-07 0 5.029940e-06 7.860697e-10 9.302600e+00 
4.817537e-01 2.798885e+00 2.798885e+00 -9.942810e-05 -7.256932e-07 0 -5.311374e-06 7.860697e-10 9.302600e+00 
5.090414e-01 2.764675e+00 2.764675e+00 -9.942807e-05 6.139197e-07 0 5.450543e-06 7.860697e-10 9.302600e+00 
5.358268e-01 2.726488e+00 2.726488e+00 -9.942800e-05 -7.361983e-07 0 -5.767223e-06 7.860697e-10 9.302600e+00 
5.620834e-01 2.684170e+00 2.684170e+00 -9.942796e-05 6.462962e-07 0 5.946997e-06 7.860697e-10 9.302600e+00 
5.877853e-01 2.637593e+00 2.637593e+00 -9.942789e-05 -7.829203e-07 0 -6.205063e-06 7.860697e-10 9.302600e+00 
6.129071e-01 2.586670e+00 2.586670e+00 -9.942784e-05 6.995991e-07 0 6.398371e-06 7.860697e-10 9.302600e+00 
6.374240e-01 2.531344e+00 2.531344e+00 -9.942777e-05 -9.018117e-07 0 -6.657928e-06 7.860697e-10 9.302600e+00 
6.613119e-01 2.471603e+00 2.471603e+00 -9.942771e-05 7.051145e-07 0 6.588921e-06 7.860697e-10 9.302600e+00 
6.845471e-01 2.407465e+00 2.407465e+00 -9.942764e-05 -8.714651e-07 0 -6.686645e-06 7.860697e-10 9.302600e+00 
7.071068e-01 2.338993e+00 2.338993e+00 -9.942758e-05 6.324300e-07 0 6.521595e-06 7.860697e-10 9.302600e+00 
7.289686e-01 2.266282e+00 2.266282e+00 -9.942750e-05 -9.582391e-07 0 -6.856676e-06 7.860697e-10 9.302600e+00 
7.501111e-01 2.189468e+00 2.189468e+00 -9.942744e-05 3.848963e-07 0 5.870842e-06 7.860697e-10 9.302600e+00 
7.705132e-01 2.108716e+00 2.108716e+00 -9.942737e-05 -1.384620e-06 0 -7.873224e-06 7.860697e-10 9.302600e+00 
7.901550e-01 2.024230e+00 2.024230e+00 -9.942732e-05 -4.785821e-07 0 3.235233e-06 7.860697e-10 9.302600e+00 
8.090170e-01 1.936241e+00 1.936240e+00 -9.942729e-05 -3.204665e-06 0 -1.285800e-05 7.860697e-10 9.302600e+00 
8.270806e-01 1.845010e+00 1.845010e+00 -9.942732e-05 -3.466739e-06 0 -6.570674e-06 7.860697e-10 9.302600e+00 
8.443279e-01 1.750827e+00 1.750827e+00 -9.942744e-05 -8.116924e-06 0 -2.926702e-05 7.860697e-10 9.302600e+00 
8.607420e-01 1.654011e+00 1.654011e+00 -9.942775e-05 -1.137892e-05 0 -3.578464e-05 7.860697e-10 9.302600e+00 
8.763067e-01 1.554905e+00 1.554904e+00 -9.942831e-05 -1.976413e-05 0 -7.562468e-05 7.860697e-10 9.302600e+00 
8.910065e-01 1.453884e+00 1.453882e+00 -9.942931e-05 -2.798885e-05 0 -1.100382e-04 7.860697e-10 9.302600e+00 
9.048271e-01 1.351352e+00 1.351350e+00 -9.943091e-05 -4.232680e-05 0 -1.878881e-04 7.860697e-10 9.302600e+00 
9.177546e-01 1.247755e+00 1.247750e+00 -9.943335e-05 -5.721290e-05 0 -2.781844e-04 7.860697e-10 9.302600e+00 
9.297765e-01 1.143578e+00 1.143571e+00 -9.943687e-05 -7.849993e-05 0 -4.306982e-04 7.860697e-10 9.302600e+00 
9.408808e-01 1.039372e+00 1.039363e+00 -9.944176e-05 -1.002740e-04 0 -6.253071e-04 7.860697e-10 9.302600e+00 
9.510565e-01 9.357644e-01 9.357513e-01 -9.944822e-05 -1.276009e-04 0 -9.150150e-04 7.860697e-10 9.302600e+00 
9.602937e-01 8.334938e-01 8.334757e-01 -9.945645e-05 -1.539022e-04 0 -1.293533e-03 7.860697e-10 9.302600e+00 
9.685832e-01 7.334485e-01 7.334239e-01 -9.946647e-05 -1.833853e-04 0 -1.818989e-03 7.860697e-10 9.302600e+00 
9.759168e-01 6.367312e-01 6.366987e-01 -9.947814e-05 -2.087549e-04 0 -2.498162e-03 7.860697e-10 9.302600e+00 
9.822873e-01 5.447342e-01 5.446924e-01 -9.949109e-05 -2.342268e-04 0 -3.387182e-03 7.860697e-10 9.302600e+00 
9.876883e-01 4.592454e-01 4.591931e-01 -9.950472e-05 -2.521074e-04 0 -4.483023e-03 7.860697e-10 9.302600e+00 
9.921147e-01 3.825483e-01 3.824846e-01 -9.951813e-05 -2.678410e-04 0 -5.790553e-03 7.860697e-10 9.302600e+00 
9.955620e-01 3.174840e-01 3.174092e-01 -9.953029e-05 -2.742660e-04 0 -7.207070e-03 7.860697e-10 9.302600e+00 
9.980267e-01 2.673506e-01 2.672661e-01 -9.954006e-05 -2.801971e-04 0 -8.564795e-03 7.860697e-10 9.302600e+00 
9.995066e-01 2.354974e-01 2.354062e-01 -9.954641e-05 -2.782771e-04 0 -9.565271e-03 7.860697e-10 9.302600e+00 
1 2.245437e-01 2.244501e-01 -9.954861e-05 -2.853098e-04 0 -9.950479e-03 7.860697e-10 9.302600e+00 
