TITLE = "2 species of PNP-Steric with high order term" 
VARIABLES = "X" "Conc1" "Conc2" "phi" "Current_x""I_ext" "I_PNP" "CURRENT" "ENERGY" "
ZONE T="0.001", I=101
-1 2.160245e-02 3 -1.055929e-01 -1.601315e+02 -1.489696e+01 -1.452345e+02 -1.547767e-10 1.268563e+01 
-9.992733e-01 8.572034e-02 3 -1.058124e-01 -1.506799e+02 5.383476e+00 -1.560634e+02 -1.547767e-10 1.268563e+01 
-9.975644e-01 1.683520e-01 3 -1.063163e-01 -1.553078e+02 -4.523781e+01 -1.100700e+02 -1.547767e-10 1.268563e+01 
-9.948806e-01 3.919290e-01 3 -1.070748e-01 -1.507823e+02 -6.493410e+00 -1.442889e+02 -1.547767e-10 1.268563e+01 
-9.912247e-01 5.053346e-01 3 -1.080474e-01 -1.527196e+02 -8.520032e+01 -6.751928e+01 -1.547767e-10 1.268563e+01 
-9.866002e-01 8.085922e-01 3 -1.091837e-01 -1.472770e+02 -2.680991e+01 -1.204671e+02 -1.547767e-10 1.268563e+01 
-9.810118e-01 9.301088e-01 3 -1.104307e-01 -1.463188e+02 -1.051746e+02 -4.114421e+01 -1.547767e-10 1.268563e+01 
-9.744648e-01 1.258608e+00 3 -1.117304e-01 -1.386595e+02 -4.228673e+01 -9.637273e+01 -1.547767e-10 1.268563e+01 
-9.669657e-01 1.375373e+00 3 -1.130331e-01 -1.343592e+02 -1.087367e+02 -2.562246e+01 -1.547767e-10 1.268563e+01 
-9.585217e-01 1.698796e+00 3 -1.142863e-01 -1.239532e+02 -4.883544e+01 -7.511771e+01 -1.547767e-10 1.268563e+01 
-9.491412e-01 1.799140e+00 3 -1.154565e-01 -1.163650e+02 -1.007139e+02 -1.565114e+01 -1.547767e-10 1.268563e+01 
-9.388333e-01 2.098297e+00 3 -1.165057e-01 -1.034693e+02 -4.654533e+01 -5.692397e+01 -1.547767e-10 1.268563e+01 
-9.276081e-01 2.171660e+00 3 -1.174235e-01 -9.338064e+01 -8.481226e+01 -8.568373e+00 -1.547767e-10 1.268563e+01 
-9.154766e-01 2.433704e+00 3 -1.181898e-01 -7.907468e+01 -3.749111e+01 -4.158357e+01 -1.547767e-10 1.268563e+01 
-9.024505e-01 2.472372e+00 3 -1.188176e-01 -6.799564e+01 -6.473978e+01 -3.255863e+00 -1.547767e-10 1.268563e+01 
-8.885427e-01 2.690313e+00 3 -1.193013e-01 -5.398462e+01 -2.496718e+01 -2.901744e+01 -1.547767e-10 1.268563e+01 
-8.737667e-01 2.691452e+00 3 -1.196718e-01 -4.381052e+01 -4.444329e+01 6.327705e-01 -1.547767e-10 1.268563e+01 
-8.581369e-01 2.864926e+00 3 -1.199302e-01 -3.190188e+01 -1.262849e+01 -1.927339e+01 -1.547767e-10 1.268563e+01 
-8.416687e-01 2.831822e+00 3 -1.201162e-01 -2.426520e+01 -2.739456e+01 3.129356e+00 -1.547767e-10 1.268563e+01 
-8.243781e-01 2.967087e+00 3 -1.202286e-01 -1.564509e+01 -3.312524e+00 -1.233256e+01 -1.547767e-10 1.268563e+01 
-8.062820e-01 2.908412e+00 3 -1.203079e-01 -1.123773e+01 -1.552464e+01 4.286913e+00 -1.547767e-10 1.268563e+01 
-7.873980e-01 3.016210e+00 3 -1.203443e-01 -5.965344e+00 1.927149e+00 -7.892492e+00 -1.547767e-10 1.268563e+01 
-7.677448e-01 2.942872e+00 3 -1.203748e-01 -4.327787e+00 -8.711008e+00 4.383220e+00 -1.547767e-10 1.268563e+01 
-7.473414e-01 3.034396e+00 3 -1.203799e-01 -1.494706e+00 3.828150e+00 -5.322856e+00 -1.547767e-10 1.268563e+01 
-7.262077e-01 2.955510e+00 3 -1.203938e-01 -1.516670e+00 -5.400047e+00 3.883377e+00 -1.547767e-10 1.268563e+01 
-7.043646e-01 3.038866e+00 3 -1.203887e-01 2.639466e-02 3.910400e+00 -3.884005e+00 -1.547767e-10 1.268563e+01 
-6.818331e-01 2.959603e+00 3 -1.203986e-01 -6.577605e-01 -3.871951e+00 3.214191e+00 -1.547767e-10 1.268563e+01 
-6.586355e-01 3.038967e+00 3 -1.203907e-01 3.725818e-01 3.384098e+00 -3.011516e+00 -1.547767e-10 1.268563e+01 
-6.347943e-01 2.961191e+00 3 -1.204004e-01 -4.462293e-01 -3.049407e+00 2.603177e+00 -1.547767e-10 1.268563e+01 
-6.103329e-01 3.038182e+00 3 -1.203914e-01 3.978356e-01 2.804588e+00 -2.406753e+00 -1.547767e-10 1.268563e+01 
-5.852752e-01 2.962168e+00 3 -1.204016e-01 -3.811859e-01 -2.487949e+00 2.106763e+00 -1.547767e-10 1.268563e+01 
-5.596455e-01 3.037374e+00 3 -1.203918e-01 3.648742e-01 2.311885e+00 -1.947011e+00 -1.547767e-10 1.268563e+01 
-5.334691e-01 2.962946e+00 3 -1.204027e-01 -3.389453e-01 -2.049943e+00 1.710998e+00 -1.547767e-10 1.268563e+01 
-5.067714e-01 3.036674e+00 3 -1.203921e-01 3.255072e-01 1.907338e+00 -1.581830e+00 -1.547767e-10 1.268563e+01 
-4.795785e-01 2.963600e+00 3 -1.204036e-01 -2.997115e-01 -1.690899e+00 1.391187e+00 -1.547767e-10 1.268563e+01 
-4.519171e-01 3.036081e+00 3 -1.203924e-01 2.861738e-01 1.570516e+00 -1.284342e+00 -1.547767e-10 1.268563e+01 
-4.238141e-01 2.964149e+00 3 -1.204044e-01 -2.612693e-01 -1.388829e+00 1.127560e+00 -1.547767e-10 1.268563e+01 
-3.952970e-01 3.035585e+00 3 -1.203926e-01 2.472839e-01 1.284089e+00 -1.036805e+00 -1.547767e-10 1.268563e+01 
-3.663936e-01 2.964606e+00 3 -1.204051e-01 -2.233089e-01 -1.129050e+00 9.057411e-01 -1.547767e-10 1.268563e+01 
-3.371323e-01 3.035174e+00 3 -1.203928e-01 2.087560e-01 1.035257e+00 -8.265008e-01 -1.547767e-10 1.268563e+01 
-3.075416e-01 2.964979e+00 3 -1.204056e-01 -1.856915e-01 -9.008408e-01 7.151493e-01 -1.547767e-10 1.268563e+01 
-2.776503e-01 3.034843e+00 3 -1.203929e-01 1.704986e-01 8.144523e-01 -6.439536e-01 -1.547767e-10 1.268563e+01 
-2.474878e-01 2.965276e+00 3 -1.204061e-01 -1.483174e-01 -6.960812e-01 5.477638e-01 -1.547767e-10 1.268563e+01 
-2.170834e-01 3.034584e+00 3 -1.203930e-01 1.324369e-01 6.143124e-01 -4.818755e-01 -1.547767e-10 1.268563e+01 
-1.864670e-01 2.965501e+00 3 -1.204065e-01 -1.111121e-01 -5.084152e-01 3.973031e-01 -1.547767e-10 1.268563e+01 
-1.556683e-01 3.034394e+00 3 -1.203931e-01 9.451114e-02 4.289724e-01 -3.344613e-01 -1.547767e-10 1.268563e+01 
-1.247176e-01 2.965660e+00 3 -1.204068e-01 -7.401876e-02 -3.326815e-01 2.586627e-01 -1.547767e-10 1.268563e+01 
-9.364497e-02 3.034268e+00 3 -1.203931e-01 5.667376e-02 2.535736e-01 -1.968999e-01 -1.547767e-10 1.268563e+01 
-6.248086e-02 2.965754e+00 3 -1.204069e-01 -3.699339e-02 -1.645075e-01 1.275142e-01 -1.547767e-10 1.268563e+01 
-3.125570e-02 3.034206e+00 3 -1.203931e-01 1.888594e-02 8.390110e-02 -6.501516e-02 -1.547767e-10 1.268563e+01 
0 2.965785e+00 3 -1.204070e-01 2.561206e-09 1.431528e-09 1.129917e-09 -1.547767e-10 1.268563e+01 
3.125570e-02 3.034206e+00 3 -1.203931e-01 -1.888594e-02 -8.390110e-02 6.501516e-02 -1.547767e-10 1.268563e+01 
6.248086e-02 2.965754e+00 3 -1.204069e-01 3.699339e-02 1.645075e-01 -1.275142e-01 -1.547767e-10 1.268563e+01 
9.364497e-02 3.034268e+00 3 -1.203931e-01 -5.667376e-02 -2.535736e-01 1.968999e-01 -1.547767e-10 1.268563e+01 
1.247176e-01 2.965660e+00 3 -1.204068e-01 7.401877e-02 3.326815e-01 -2.586627e-01 -1.547767e-10 1.268563e+01 
1.556683e-01 3.034394e+00 3 -1.203931e-01 -9.451114e-02 -4.289724e-01 3.344613e-01 -1.547767e-10 1.268563e+01 
1.864670e-01 2.965501e+00 3 -1.204065e-01 1.111121e-01 5.084152e-01 -3.973031e-01 -1.547767e-10 1.268563e+01 
2.170834e-01 3.034584e+00 3 -1.203930e-01 -1.324369e-01 -6.143124e-01 4.818755e-01 -1.547767e-10 1.268563e+01 
2.474878e-01 2.965276e+00 3 -1.204061e-01 1.483174e-01 6.960812e-01 -5.477638e-01 -1.547767e-10 1.268563e+01 
2.776503e-01 3.034843e+00 3 -1.203929e-01 -1.704987e-01 -8.144523e-01 6.439536e-01 -1.547767e-10 1.268563e+01 
3.075416e-01 2.964979e+00 3 -1.204056e-01 1.856915e-01 9.008408e-01 -7.151493e-01 -1.547767e-10 1.268563e+01 
3.371323e-01 3.035174e+00 3 -1.203928e-01 -2.087560e-01 -1.035257e+00 8.265008e-01 -1.547767e-10 1.268563e+01 
3.663936e-01 2.964606e+00 3 -1.204051e-01 2.233089e-01 1.129050e+00 -9.057411e-01 -1.547767e-10 1.268563e+01 
3.952970e-01 3.035585e+00 3 -1.203926e-01 -2.472839e-01 -1.284089e+00 1.036805e+00 -1.547767e-10 1.268563e+01 
4.238141e-01 2.964149e+00 3 -1.204044e-01 2.612693e-01 1.388829e+00 -1.127560e+00 -1.547767e-10 1.268563e+01 
4.519171e-01 3.036081e+00 3 -1.203924e-01 -2.861738e-01 -1.570516e+00 1.284342e+00 -1.547767e-10 1.268563e+01 
4.795785e-01 2.963600e+00 3 -1.204036e-01 2.997115e-01 1.690899e+00 -1.391187e+00 -1.547767e-10 1.268563e+01 
5.067714e-01 3.036674e+00 3 -1.203921e-01 -3.255072e-01 -1.907338e+00 1.581830e+00 -1.547767e-10 1.268563e+01 
5.334691e-01 2.962946e+00 3 -1.204027e-01 3.389453e-01 2.049943e+00 -1.710998e+00 -1.547767e-10 1.268563e+01 
5.596455e-01 3.037374e+00 3 -1.203918e-01 -3.648742e-01 -2.311885e+00 1.947011e+00 -1.547767e-10 1.268563e+01 
5.852752e-01 2.962168e+00 3 -1.204016e-01 3.811859e-01 2.487949e+00 -2.106763e+00 -1.547767e-10 1.268563e+01 
6.103329e-01 3.038182e+00 3 -1.203914e-01 -3.978356e-01 -2.804588e+00 2.406753e+00 -1.547767e-10 1.268563e+01 
6.347943e-01 2.961191e+00 3 -1.204004e-01 4.462293e-01 3.049407e+00 -2.603177e+00 -1.547767e-10 1.268563e+01 
6.586355e-01 3.038967e+00 3 -1.203907e-01 -3.725818e-01 -3.384098e+00 3.011516e+00 -1.547767e-10 1.268563e+01 
6.818331e-01 2.959603e+00 3 -1.203986e-01 6.577605e-01 3.871951e+00 -3.214191e+00 -1.547767e-10 1.268563e+01 
7.043646e-01 3.038866e+00 3 -1.203887e-01 -2.639465e-02 -3.910400e+00 3.884005e+00 -1.547767e-10 1.268563e+01 
7.262077e-01 2.955510e+00 3 -1.203938e-01 1.516670e+00 5.400047e+00 -3.883377e+00 -1.547767e-10 1.268563e+01 
7.473414e-01 3.034396e+00 3 -1.203799e-01 1.494706e+00 -3.828150e+00 5.322856e+00 -1.547767e-10 1.268563e+01 
7.677448e-01 2.942872e+00 3 -1.203748e-01 4.327787e+00 8.711008e+00 -4.383220e+00 -1.547767e-10 1.268563e+01 
7.873980e-01 3.016210e+00 3 -1.203443e-01 5.965344e+00 -1.927149e+00 7.892492e+00 -1.547767e-10 1.268563e+01 
8.062820e-01 2.908412e+00 3 -1.203079e-01 1.123773e+01 1.552464e+01 -4.286913e+00 -1.547767e-10 1.268563e+01 
8.243781e-01 2.967087e+00 3 -1.202286e-01 1.564509e+01 3.312524e+00 1.233256e+01 -1.547767e-10 1.268563e+01 
8.416687e-01 2.831822e+00 3 -1.201162e-01 2.426520e+01 2.739456e+01 -3.129356e+00 -1.547767e-10 1.268563e+01 
8.581369e-01 2.864926e+00 3 -1.199302e-01 3.190188e+01 1.262849e+01 1.927339e+01 -1.547767e-10 1.268563e+01 
8.737667e-01 2.691452e+00 3 -1.196718e-01 4.381052e+01 4.444329e+01 -6.327705e-01 -1.547767e-10 1.268563e+01 
8.885427e-01 2.690313e+00 3 -1.193013e-01 5.398462e+01 2.496718e+01 2.901744e+01 -1.547767e-10 1.268563e+01 
9.024505e-01 2.472372e+00 3 -1.188176e-01 6.799564e+01 6.473978e+01 3.255863e+00 -1.547767e-10 1.268563e+01 
9.154766e-01 2.433704e+00 3 -1.181898e-01 7.907468e+01 3.749111e+01 4.158357e+01 -1.547767e-10 1.268563e+01 
9.276081e-01 2.171660e+00 3 -1.174235e-01 9.338064e+01 8.481226e+01 8.568373e+00 -1.547767e-10 1.268563e+01 
9.388333e-01 2.098297e+00 3 -1.165057e-01 1.034693e+02 4.654533e+01 5.692397e+01 -1.547767e-10 1.268563e+01 
9.491412e-01 1.799140e+00 3 -1.154565e-01 1.163650e+02 1.007139e+02 1.565114e+01 -1.547767e-10 1.268563e+01 
9.585217e-01 1.698796e+00 3 -1.142863e-01 1.239532e+02 4.883544e+01 7.511771e+01 -1.547767e-10 1.268563e+01 
9.669657e-01 1.375373e+00 3 -1.130331e-01 1.343592e+02 1.087367e+02 2.562246e+01 -1.547767e-10 1.268563e+01 
9.744648e-01 1.258608e+00 3 -1.117304e-01 1.386595e+02 4.228673e+01 9.637273e+01 -1.547767e-10 1.268563e+01 
9.810118e-01 9.301088e-01 3 -1.104307e-01 1.463188e+02 1.051746e+02 4.114421e+01 -1.547767e-10 1.268563e+01 
9.866002e-01 8.085922e-01 3 -1.091837e-01 1.472770e+02 2.680991e+01 1.204671e+02 -1.547767e-10 1.268563e+01 
9.912247e-01 5.053346e-01 3 -1.080474e-01 1.527196e+02 8.520032e+01 6.751928e+01 -1.547767e-10 1.268563e+01 
9.948806e-01 3.919290e-01 3 -1.070748e-01 1.507823e+02 6.493410e+00 1.442889e+02 -1.547767e-10 1.268563e+01 
9.975644e-01 1.683520e-01 3 -1.063163e-01 1.553078e+02 4.523781e+01 1.100700e+02 -1.547767e-10 1.268563e+01 
9.992733e-01 8.572034e-02 3 -1.058124e-01 1.506799e+02 -5.383476e+00 1.560634e+02 -1.547767e-10 1.268563e+01 
1 2.160245e-02 3 -1.055929e-01 1.601315e+02 1.489696e+01 1.452345e+02 -1.547767e-10 1.268563e+01 
ZONE T="0.002", I=101
-1 2.098465e-02 3 -8.227975e-02 -1.098183e+02 -7.324991e+00 -1.024934e+02 5.488260e-11 1.247139e+01 
-9.992733e-01 6.253065e-02 3 -8.259128e-02 -1.069935e+02 -4.213608e-01 -1.065722e+02 5.488260e-11 1.247139e+01 
-9.975644e-01 1.332122e-01 3 -8.331160e-02 -1.083559e+02 -2.137627e+01 -8.697965e+01 5.488260e-11 1.247139e+01 
-9.948806e-01 2.784648e-01 3 -8.440940e-02 -1.069769e+02 -1.048633e+01 -9.649059e+01 5.488260e-11 1.247139e+01 
-9.912247e-01 3.923972e-01 3 -8.584179e-02 -1.074409e+02 -4.409035e+01 -6.335059e+01 5.488260e-11 1.247139e+01 
-9.866002e-01 5.990974e-01 3 -8.755469e-02 -1.056097e+02 -2.413264e+01 -8.147706e+01 5.488260e-11 1.247139e+01 
-9.810118e-01 7.320856e-01 3 -8.948737e-02 -1.049566e+02 -5.971999e+01 -4.523660e+01 5.488260e-11 1.247139e+01 
-9.744648e-01 9.659483e-01 3 -9.157314e-02 -1.021082e+02 -3.527013e+01 -6.683802e+01 5.488260e-11 1.247139e+01 
-9.669657e-01 1.104069e+00 3 -9.374709e-02 -1.000252e+02 -6.727088e+01 -3.275433e+01 5.488260e-11 1.247139e+01 
-9.585217e-01 1.344077e+00 3 -9.594251e-02 -9.582407e+01 -4.178990e+01 -5.403417e+01 5.488260e-11 1.247139e+01 
-9.491412e-01 1.477431e+00 3 -9.810277e-02 -9.214636e+01 -6.823391e+01 -2.391245e+01 5.488260e-11 1.247139e+01 
-9.388333e-01 1.709828e+00 3 -1.001715e-01 -8.649367e+01 -4.341457e+01 -4.307910e+01 5.488260e-11 1.247139e+01 
-9.276081e-01 1.830213e+00 3 -1.021096e-01 -8.128678e+01 -6.400205e+01 -1.728473e+01 5.488260e-11 1.247139e+01 
-9.154766e-01 2.045069e+00 3 -1.038776e-01 -7.435764e+01 -4.064924e+01 -3.370840e+01 5.488260e-11 1.247139e+01 
-9.024505e-01 2.145645e+00 3 -1.054588e-01 -6.795952e+01 -5.589242e+01 -1.206710e+01 5.488260e-11 1.247139e+01 
-8.885427e-01 2.335764e+00 3 -1.068331e-01 -6.021070e+01 -3.450914e+01 -2.570156e+01 5.488260e-11 1.247139e+01 
-8.737667e-01 2.411499e+00 3 -1.080057e-01 -5.321640e+01 -4.536433e+01 -7.852078e+00 5.488260e-11 1.247139e+01 
-8.581369e-01 2.572430e+00 3 -1.089736e-01 -4.532977e+01 -2.638765e+01 -1.894211e+01 5.488260e-11 1.247139e+01 
-8.416687e-01 2.620777e+00 3 -1.097599e-01 -3.849768e+01 -3.402831e+01 -4.469372e+00 5.488260e-11 1.247139e+01 
-8.243781e-01 2.751186e+00 3 -1.103722e-01 -3.124270e+01 -1.784321e+01 -1.339950e+01 5.488260e-11 1.247139e+01 
-8.062820e-01 2.772605e+00 3 -1.108447e-01 -2.532186e+01 -2.344438e+01 -1.877471e+00 5.488260e-11 1.247139e+01 
-7.873980e-01 2.874448e+00 3 -1.111882e-01 -1.935518e+01 -1.027991e+01 -9.075267e+00 5.488260e-11 1.247139e+01 
-7.677448e-01 2.872415e+00 3 -1.114400e-01 -1.487615e+01 -1.480454e+01 -7.160866e-02 5.488260e-11 1.247139e+01 
-7.473414e-01 2.950502e+00 3 -1.116075e-01 -1.054571e+01 -4.613587e+00 -5.932126e+00 5.488260e-11 1.247139e+01 
-7.262077e-01 2.930714e+00 3 -1.117258e-01 -7.665187e+00 -8.661304e+00 9.961169e-01 5.488260e-11 1.247139e+01 
-7.043646e-01 2.991495e+00 3 -1.117946e-01 -4.920656e+00 -1.083901e+00 -3.836756e+00 5.488260e-11 1.247139e+01 
-6.818331e-01 2.960371e+00 3 -1.118441e-01 -3.415611e+00 -4.874995e+00 1.459384e+00 5.488260e-11 1.247139e+01 
-6.586355e-01 3.010250e+00 3 -1.118659e-01 -1.892120e+00 6.634112e-01 -2.555531e+00 5.488260e-11 1.247139e+01 
-6.347943e-01 2.973314e+00 3 -1.118859e-01 -1.320472e+00 -2.838569e+00 1.518097e+00 5.488260e-11 1.247139e+01 
-6.103329e-01 3.017247e+00 3 -1.118890e-01 -5.487704e-01 1.264926e+00 -1.813696e+00 5.488260e-11 1.247139e+01 
-5.852752e-01 2.978179e+00 3 -1.118986e-01 -4.706507e-01 -1.842641e+00 1.371990e+00 5.488260e-11 1.247139e+01 
-5.596455e-01 3.019189e+00 3 -1.118953e-01 -7.107987e-02 1.304812e+00 -1.375892e+00 5.488260e-11 1.247139e+01 
-5.334691e-01 2.979860e+00 3 -1.119022e-01 -1.879742e-01 -1.349759e+00 1.161785e+00 5.488260e-11 1.247139e+01 
-5.067714e-01 3.019417e+00 3 -1.118970e-01 5.809219e-02 1.147962e+00 -1.089870e+00 5.488260e-11 1.247139e+01 
-4.795785e-01 2.980511e+00 3 -1.119034e-01 -1.068671e-01 -1.063601e+00 9.567343e-01 5.488260e-11 1.247139e+01 
-4.519171e-01 3.019215e+00 3 -1.118976e-01 7.837374e-02 9.567390e-01 -8.783653e-01 5.488260e-11 1.247139e+01 
-4.238141e-01 2.980869e+00 3 -1.119041e-01 -8.127893e-02 -8.591532e-01 7.778743e-01 5.488260e-11 1.247139e+01 
-3.952970e-01 3.018961e+00 3 -1.118979e-01 7.248808e-02 7.805554e-01 -7.080673e-01 5.488260e-11 1.247139e+01 
-3.663936e-01 2.981132e+00 3 -1.119046e-01 -6.756395e-02 -6.929427e-01 6.253788e-01 5.488260e-11 1.247139e+01 
-3.371323e-01 3.018736e+00 3 -1.118981e-01 6.182860e-02 6.263694e-01 -5.645408e-01 5.488260e-11 1.247139e+01 
-3.075416e-01 2.981341e+00 3 -1.119051e-01 -5.589749e-02 -5.499387e-01 4.940412e-01 5.488260e-11 1.247139e+01 
-2.776503e-01 3.018553e+00 3 -1.118983e-01 5.055211e-02 4.906385e-01 -4.400864e-01 5.488260e-11 1.247139e+01 
-2.474878e-01 2.981507e+00 3 -1.119054e-01 -4.458228e-02 -4.231852e-01 3.786029e-01 5.488260e-11 1.247139e+01 
-2.170834e-01 3.018409e+00 3 -1.118985e-01 3.926095e-02 3.687691e-01 -3.295082e-01 5.488260e-11 1.247139e+01 
-1.864670e-01 2.981633e+00 3 -1.119057e-01 -3.337175e-02 -3.081120e-01 2.747403e-01 5.488260e-11 1.247139e+01 
-1.556683e-01 3.018303e+00 3 -1.118986e-01 2.801072e-02 2.568299e-01 -2.288192e-01 5.488260e-11 1.247139e+01 
-1.247176e-01 2.981721e+00 3 -1.119059e-01 -2.221888e-02 -2.011573e-01 1.789384e-01 5.488260e-11 1.247139e+01 
-9.364497e-02 3.018234e+00 3 -1.118986e-01 1.679337e-02 1.515495e-01 -1.347561e-01 5.488260e-11 1.247139e+01 
-6.248086e-02 2.981774e+00 3 -1.119060e-01 -1.110107e-02 -9.933531e-02 8.823424e-02 5.488260e-11 1.247139e+01 
-3.125570e-02 3.018199e+00 3 -1.118987e-01 5.595656e-03 5.009970e-02 -4.450405e-02 5.488260e-11 1.247139e+01 
0 2.981791e+00 3 -1.119060e-01 -1.993589e-08 -1.508837e-08 -4.847376e-09 5.488260e-11 1.247139e+01 
3.125570e-02 3.018199e+00 3 -1.118987e-01 -5.595609e-03 -5.009967e-02 4.450406e-02 5.488260e-11 1.247139e+01 
6.248086e-02 2.981774e+00 3 -1.119060e-01 1.110103e-02 9.933528e-02 -8.823425e-02 5.488260e-11 1.247139e+01 
9.364497e-02 3.018234e+00 3 -1.118986e-01 -1.679336e-02 -1.515495e-01 1.347561e-01 5.488260e-11 1.247139e+01 
1.247176e-01 2.981721e+00 3 -1.119059e-01 2.221888e-02 2.011573e-01 -1.789384e-01 5.488260e-11 1.247139e+01 
1.556683e-01 3.018303e+00 3 -1.118986e-01 -2.801071e-02 -2.568299e-01 2.288192e-01 5.488260e-11 1.247139e+01 
1.864670e-01 2.981633e+00 3 -1.119057e-01 3.337175e-02 3.081120e-01 -2.747403e-01 5.488260e-11 1.247139e+01 
2.170834e-01 3.018409e+00 3 -1.118985e-01 -3.926096e-02 -3.687691e-01 3.295082e-01 5.488260e-11 1.247139e+01 
2.474878e-01 2.981507e+00 3 -1.119054e-01 4.458229e-02 4.231852e-01 -3.786029e-01 5.488260e-11 1.247139e+01 
2.776503e-01 3.018553e+00 3 -1.118983e-01 -5.055210e-02 -4.906385e-01 4.400864e-01 5.488260e-11 1.247139e+01 
3.075416e-01 2.981341e+00 3 -1.119051e-01 5.589747e-02 5.499387e-01 -4.940412e-01 5.488260e-11 1.247139e+01 
3.371323e-01 3.018736e+00 3 -1.118981e-01 -6.182860e-02 -6.263694e-01 5.645408e-01 5.488260e-11 1.247139e+01 
3.663936e-01 2.981132e+00 3 -1.119046e-01 6.756397e-02 6.929427e-01 -6.253788e-01 5.488260e-11 1.247139e+01 
3.952970e-01 3.018961e+00 3 -1.118979e-01 -7.248810e-02 -7.805554e-01 7.080673e-01 5.488260e-11 1.247139e+01 
4.238141e-01 2.980869e+00 3 -1.119041e-01 8.127893e-02 8.591532e-01 -7.778743e-01 5.488260e-11 1.247139e+01 
4.519171e-01 3.019215e+00 3 -1.118976e-01 -7.837371e-02 -9.567390e-01 8.783653e-01 5.488260e-11 1.247139e+01 
4.795785e-01 2.980511e+00 3 -1.119034e-01 1.068671e-01 1.063601e+00 -9.567343e-01 5.488260e-11 1.247139e+01 
5.067714e-01 3.019417e+00 3 -1.118970e-01 -5.809220e-02 -1.147962e+00 1.089870e+00 5.488260e-11 1.247139e+01 
5.334691e-01 2.979860e+00 3 -1.119022e-01 1.879743e-01 1.349759e+00 -1.161785e+00 5.488260e-11 1.247139e+01 
5.596455e-01 3.019189e+00 3 -1.118953e-01 7.107987e-02 -1.304812e+00 1.375892e+00 5.488260e-11 1.247139e+01 
5.852752e-01 2.978179e+00 3 -1.118986e-01 4.706508e-01 1.842641e+00 -1.371990e+00 5.488260e-11 1.247139e+01 
6.103329e-01 3.017247e+00 3 -1.118890e-01 5.487704e-01 -1.264926e+00 1.813696e+00 5.488260e-11 1.247139e+01 
6.347943e-01 2.973314e+00 3 -1.118859e-01 1.320472e+00 2.838569e+00 -1.518097e+00 5.488260e-11 1.247139e+01 
6.586355e-01 3.010250e+00 3 -1.118659e-01 1.892120e+00 -6.634112e-01 2.555531e+00 5.488260e-11 1.247139e+01 
6.818331e-01 2.960371e+00 3 -1.118441e-01 3.415611e+00 4.874995e+00 -1.459384e+00 5.488260e-11 1.247139e+01 
7.043646e-01 2.991495e+00 3 -1.117946e-01 4.920656e+00 1.083901e+00 3.836756e+00 5.488260e-11 1.247139e+01 
7.262077e-01 2.930714e+00 3 -1.117258e-01 7.665187e+00 8.661304e+00 -9.961169e-01 5.488260e-11 1.247139e+01 
7.473414e-01 2.950502e+00 3 -1.116075e-01 1.054571e+01 4.613587e+00 5.932126e+00 5.488260e-11 1.247139e+01 
7.677448e-01 2.872415e+00 3 -1.114400e-01 1.487615e+01 1.480454e+01 7.160867e-02 5.488260e-11 1.247139e+01 
7.873980e-01 2.874448e+00 3 -1.111882e-01 1.935518e+01 1.027991e+01 9.075267e+00 5.488260e-11 1.247139e+01 
8.062820e-01 2.772605e+00 3 -1.108447e-01 2.532186e+01 2.344438e+01 1.877471e+00 5.488260e-11 1.247139e+01 
8.243781e-01 2.751186e+00 3 -1.103722e-01 3.124270e+01 1.784321e+01 1.339950e+01 5.488260e-11 1.247139e+01 
8.416687e-01 2.620777e+00 3 -1.097599e-01 3.849768e+01 3.402831e+01 4.469372e+00 5.488260e-11 1.247139e+01 
8.581369e-01 2.572430e+00 3 -1.089736e-01 4.532977e+01 2.638765e+01 1.894211e+01 5.488260e-11 1.247139e+01 
8.737667e-01 2.411499e+00 3 -1.080057e-01 5.321640e+01 4.536433e+01 7.852078e+00 5.488260e-11 1.247139e+01 
8.885427e-01 2.335764e+00 3 -1.068331e-01 6.021070e+01 3.450914e+01 2.570156e+01 5.488260e-11 1.247139e+01 
9.024505e-01 2.145645e+00 3 -1.054588e-01 6.795952e+01 5.589242e+01 1.206710e+01 5.488260e-11 1.247139e+01 
9.154766e-01 2.045069e+00 3 -1.038776e-01 7.435764e+01 4.064924e+01 3.370840e+01 5.488260e-11 1.247139e+01 
9.276081e-01 1.830213e+00 3 -1.021096e-01 8.128678e+01 6.400205e+01 1.728473e+01 5.488260e-11 1.247139e+01 
9.388333e-01 1.709828e+00 3 -1.001715e-01 8.649367e+01 4.341457e+01 4.307910e+01 5.488260e-11 1.247139e+01 
9.491412e-01 1.477431e+00 3 -9.810277e-02 9.214636e+01 6.823391e+01 2.391245e+01 5.488260e-11 1.247139e+01 
9.585217e-01 1.344077e+00 3 -9.594251e-02 9.582407e+01 4.178990e+01 5.403417e+01 5.488260e-11 1.247139e+01 
9.669657e-01 1.104069e+00 3 -9.374709e-02 1.000252e+02 6.727088e+01 3.275433e+01 5.488260e-11 1.247139e+01 
9.744648e-01 9.659483e-01 3 -9.157314e-02 1.021082e+02 3.527013e+01 6.683802e+01 5.488260e-11 1.247139e+01 
9.810118e-01 7.320856e-01 3 -8.948737e-02 1.049566e+02 5.971999e+01 4.523660e+01 5.488260e-11 1.247139e+01 
9.866002e-01 5.990974e-01 3 -8.755469e-02 1.056097e+02 2.413264e+01 8.147706e+01 5.488260e-11 1.247139e+01 
9.912247e-01 3.923972e-01 3 -8.584179e-02 1.074409e+02 4.409035e+01 6.335059e+01 5.488260e-11 1.247139e+01 
9.948806e-01 2.784648e-01 3 -8.440940e-02 1.069769e+02 1.048633e+01 9.649059e+01 5.488260e-11 1.247139e+01 
9.975644e-01 1.332122e-01 3 -8.331160e-02 1.083559e+02 2.137627e+01 8.697965e+01 5.488260e-11 1.247139e+01 
9.992733e-01 6.253065e-02 3 -8.259128e-02 1.069935e+02 4.213607e-01 1.065722e+02 5.488260e-11 1.247139e+01 
1 2.098465e-02 3 -8.227975e-02 1.098183e+02 7.324991e+00 1.024934e+02 5.488260e-11 1.247139e+01 
ZONE T="0.003", I=101
-1 2.089917e-02 3 -7.824625e-02 -8.856064e+01 -4.839916e+00 -8.372073e+01 2.012855e-11 1.231368e+01 
-9.992733e-01 5.366711e-02 3 -7.862803e-02 -8.720545e+01 -1.389783e+00 -8.581567e+01 2.012855e-11 1.231368e+01 
-9.975644e-01 1.155029e-01 3 -7.951352e-02 -8.785738e+01 -1.370320e+01 -7.415418e+01 2.012855e-11 1.231368e+01 
-9.948806e-01 2.298983e-01 3 -8.087041e-02 -8.717594e+01 -9.669106e+00 -7.750683e+01 2.012855e-11 1.231368e+01 
-9.912247e-01 3.358749e-01 3 -8.265470e-02 -8.735988e+01 -2.961733e+01 -5.774255e+01 2.012855e-11 1.231368e+01 
-9.866002e-01 5.024855e-01 3 -8.481032e-02 -8.638880e+01 -2.054581e+01 -6.584299e+01 2.012855e-11 1.231368e+01 
-9.810118e-01 6.310825e-01 3 -8.727273e-02 -8.593506e+01 -4.222898e+01 -4.370609e+01 2.012855e-11 1.231368e+01 
-9.744648e-01 8.239932e-01 3 -8.997055e-02 -8.433598e+01 -2.978829e+01 -5.454769e+01 2.012855e-11 1.231368e+01 
-9.669657e-01 9.617365e-01 3 -9.283117e-02 -8.302413e+01 -4.979679e+01 -3.322734e+01 2.012855e-11 1.231368e+01 
-9.585217e-01 1.164057e+00 3 -9.577977e-02 -8.056826e+01 -3.586468e+01 -4.470358e+01 2.012855e-11 1.231368e+01 
-9.491412e-01 1.301779e+00 3 -9.874758e-02 -7.825163e+01 -5.281851e+01 -2.543312e+01 2.012855e-11 1.231368e+01 
-9.388333e-01 1.502217e+00 3 -1.016669e-01 -7.482663e+01 -3.850151e+01 -3.632512e+01 2.012855e-11 1.231368e+01 
-9.276081e-01 1.632756e+00 3 -1.044824e-01 -7.147355e+01 -5.202765e+01 -1.944590e+01 2.012855e-11 1.231368e+01 
-9.154766e-01 1.823049e+00 3 -1.071412e-01 -6.710452e+01 -3.791587e+01 -2.918865e+01 2.012855e-11 1.231368e+01 
-9.024505e-01 1.940459e+00 3 -1.096080e-01 -6.282401e+01 -4.814430e+01 -1.467970e+01 2.012855e-11 1.231368e+01 
-8.885427e-01 2.114307e+00 3 -1.118491e-01 -5.768710e+01 -3.460912e+01 -2.307799e+01 2.012855e-11 1.231368e+01 
-8.737667e-01 2.213821e+00 3 -1.138512e-01 -5.273589e+01 -4.195517e+01 -1.078073e+01 2.012855e-11 1.231368e+01 
-8.581369e-01 2.366654e+00 3 -1.156002e-01 -4.715044e+01 -2.931019e+01 -1.784025e+01 2.012855e-11 1.231368e+01 
-8.416687e-01 2.444958e+00 3 -1.171037e-01 -4.191137e+01 -3.435940e+01 -7.551971e+00 2.012855e-11 1.231368e+01 
-8.243781e-01 2.574074e+00 3 -1.183638e-01 -3.630023e+01 -2.291085e+01 -1.338938e+01 2.012855e-11 1.231368e+01 
-8.062820e-01 2.629652e+00 3 -1.194041e-01 -3.122585e+01 -2.632532e+01 -4.900532e+00 2.012855e-11 1.231368e+01 
-7.873980e-01 2.734428e+00 3 -1.202372e-01 -2.604164e+01 -1.635054e+01 -9.691101e+00 2.012855e-11 1.231368e+01 
-7.677448e-01 2.767794e+00 3 -1.208962e-01 -2.156687e+01 -1.877085e+01 -2.796018e+00 2.012855e-11 1.231368e+01 
-7.473414e-01 2.849734e+00 3 -1.213975e-01 -1.719510e+01 -1.045950e+01 -6.735596e+00 2.012855e-11 1.231368e+01 
-7.262077e-01 2.863368e+00 3 -1.217769e-01 -1.363857e+01 -1.240854e+01 -1.230032e+00 2.012855e-11 1.231368e+01 
-7.043646e-01 2.925827e+00 3 -1.220483e-01 -1.030577e+01 -5.803137e+00 -4.502638e+00 2.012855e-11 1.231368e+01 
-6.818331e-01 2.923710e+00 3 -1.222453e-01 -7.794966e+00 -7.617227e+00 -1.777393e-01 2.012855e-11 1.231368e+01 
-6.586355e-01 2.971207e+00 3 -1.223756e-01 -5.520469e+00 -2.589550e+00 -2.930919e+00 2.012855e-11 1.231368e+01 
-6.347943e-01 2.957983e+00 3 -1.224677e-01 -3.977408e+00 -4.404640e+00 4.272322e-01 2.012855e-11 1.231368e+01 
-6.103329e-01 2.995250e+00 3 -1.225217e-01 -2.596606e+00 -6.891431e-01 -1.907463e+00 2.012855e-11 1.231368e+01 
-5.852752e-01 2.975268e+00 3 -1.225611e-01 -1.796513e+00 -2.488905e+00 6.923926e-01 2.012855e-11 1.231368e+01 
-5.596455e-01 3.006354e+00 3 -1.225791e-01 -1.047378e+00 2.378787e-01 -1.285257e+00 2.012855e-11 1.231368e+01 
-5.334691e-01 2.982943e+00 3 -1.225956e-01 -7.203381e-01 -1.461367e+00 7.410289e-01 2.012855e-11 1.231368e+01 
-5.067714e-01 3.010712e+00 3 -1.225989e-01 -3.456293e-01 5.733047e-01 -9.189340e-01 2.012855e-11 1.231368e+01 
-4.795785e-01 2.985959e+00 3 -1.226069e-01 -2.655588e-01 -9.450740e-01 6.795151e-01 2.012855e-11 1.231368e+01 
-4.519171e-01 3.012093e+00 3 -1.226050e-01 -7.827615e-02 6.172652e-01 -6.955414e-01 2.012855e-11 1.231368e+01 
-4.238141e-01 2.987052e+00 3 -1.226103e-01 -1.007447e-01 -6.789672e-01 5.782225e-01 2.012855e-11 1.231368e+01 
-3.952970e-01 3.012379e+00 3 -1.226067e-01 4.786519e-03 5.493101e-01 -5.445236e-01 2.012855e-11 1.231368e+01 
-3.663936e-01 2.987463e+00 3 -1.226114e-01 -4.776322e-02 -5.202932e-01 4.725300e-01 2.012855e-11 1.231368e+01 
-3.371323e-01 3.012344e+00 3 -1.226073e-01 2.335118e-02 4.527276e-01 -4.293765e-01 2.012855e-11 1.231368e+01 
-3.075416e-01 2.987659e+00 3 -1.226120e-01 -3.037744e-02 -4.054187e-01 3.750412e-01 2.012855e-11 1.231368e+01 
-2.776503e-01 3.012246e+00 3 -1.226076e-01 2.332347e-02 3.568254e-01 -3.335020e-01 2.012855e-11 1.231368e+01 
-2.474878e-01 2.987781e+00 3 -1.226123e-01 -2.236825e-02 -3.100353e-01 2.876670e-01 2.012855e-11 1.231368e+01 
-2.170834e-01 3.012154e+00 3 -1.226077e-01 1.888364e-02 2.682946e-01 -2.494110e-01 2.012855e-11 1.231368e+01 
-1.864670e-01 2.987868e+00 3 -1.226125e-01 -1.643045e-02 -2.251747e-01 2.087443e-01 2.012855e-11 1.231368e+01 
-1.556683e-01 3.012084e+00 3 -1.226079e-01 1.358639e-02 1.867092e-01 -1.731228e-01 2.012855e-11 1.231368e+01 
-1.247176e-01 2.987928e+00 3 -1.226127e-01 -1.089476e-02 -1.468287e-01 1.359340e-01 2.012855e-11 1.231368e+01 
-9.364497e-02 3.012037e+00 3 -1.226080e-01 8.158516e-03 1.100948e-01 -1.019363e-01 2.012855e-11 1.231368e+01 
-6.248086e-02 2.987963e+00 3 -1.226128e-01 -5.438143e-03 -7.245980e-02 6.702165e-02 2.012855e-11 1.231368e+01 
-3.125570e-02 3.012014e+00 3 -1.226080e-01 2.719235e-03 3.638175e-02 -3.366251e-02 2.012855e-11 1.231368e+01 
0 2.987975e+00 3 -1.226129e-01 -3.680008e-10 -2.933488e-10 -7.500856e-11 2.012855e-11 1.231368e+01 
3.125570e-02 3.012014e+00 3 -1.226080e-01 -2.719234e-03 -3.638175e-02 3.366251e-02 2.012855e-11 1.231368e+01 
6.248086e-02 2.987963e+00 3 -1.226128e-01 5.438143e-03 7.245980e-02 -6.702165e-02 2.012855e-11 1.231368e+01 
9.364497e-02 3.012037e+00 3 -1.226080e-01 -8.158516e-03 -1.100948e-01 1.019363e-01 2.012855e-11 1.231368e+01 
1.247176e-01 2.987928e+00 3 -1.226127e-01 1.089476e-02 1.468287e-01 -1.359340e-01 2.012855e-11 1.231368e+01 
1.556683e-01 3.012084e+00 3 -1.226079e-01 -1.358639e-02 -1.867092e-01 1.731228e-01 2.012855e-11 1.231368e+01 
1.864670e-01 2.987868e+00 3 -1.226125e-01 1.643045e-02 2.251747e-01 -2.087443e-01 2.012855e-11 1.231368e+01 
2.170834e-01 3.012154e+00 3 -1.226077e-01 -1.888364e-02 -2.682946e-01 2.494110e-01 2.012855e-11 1.231368e+01 
2.474878e-01 2.987781e+00 3 -1.226123e-01 2.236825e-02 3.100353e-01 -2.876670e-01 2.012855e-11 1.231368e+01 
2.776503e-01 3.012246e+00 3 -1.226076e-01 -2.332347e-02 -3.568254e-01 3.335020e-01 2.012855e-11 1.231368e+01 
3.075416e-01 2.987659e+00 3 -1.226120e-01 3.037744e-02 4.054187e-01 -3.750412e-01 2.012855e-11 1.231368e+01 
3.371323e-01 3.012344e+00 3 -1.226073e-01 -2.335118e-02 -4.527276e-01 4.293765e-01 2.012855e-11 1.231368e+01 
3.663936e-01 2.987463e+00 3 -1.226114e-01 4.776322e-02 5.202932e-01 -4.725300e-01 2.012855e-11 1.231368e+01 
3.952970e-01 3.012379e+00 3 -1.226067e-01 -4.786520e-03 -5.493101e-01 5.445236e-01 2.012855e-11 1.231368e+01 
4.238141e-01 2.987052e+00 3 -1.226103e-01 1.007447e-01 6.789672e-01 -5.782225e-01 2.012855e-11 1.231368e+01 
4.519171e-01 3.012093e+00 3 -1.226050e-01 7.827615e-02 -6.172652e-01 6.955414e-01 2.012855e-11 1.231368e+01 
4.795785e-01 2.985959e+00 3 -1.226069e-01 2.655588e-01 9.450740e-01 -6.795151e-01 2.012855e-11 1.231368e+01 
5.067714e-01 3.010712e+00 3 -1.225989e-01 3.456294e-01 -5.733047e-01 9.189340e-01 2.012855e-11 1.231368e+01 
5.334691e-01 2.982943e+00 3 -1.225956e-01 7.203381e-01 1.461367e+00 -7.410289e-01 2.012855e-11 1.231368e+01 
5.596455e-01 3.006354e+00 3 -1.225791e-01 1.047378e+00 -2.378787e-01 1.285257e+00 2.012855e-11 1.231368e+01 
5.852752e-01 2.975268e+00 3 -1.225611e-01 1.796513e+00 2.488905e+00 -6.923926e-01 2.012855e-11 1.231368e+01 
6.103329e-01 2.995250e+00 3 -1.225217e-01 2.596606e+00 6.891431e-01 1.907463e+00 2.012855e-11 1.231368e+01 
6.347943e-01 2.957983e+00 3 -1.224677e-01 3.977408e+00 4.404640e+00 -4.272322e-01 2.012855e-11 1.231368e+01 
6.586355e-01 2.971207e+00 3 -1.223756e-01 5.520469e+00 2.589550e+00 2.930919e+00 2.012855e-11 1.231368e+01 
6.818331e-01 2.923710e+00 3 -1.222453e-01 7.794966e+00 7.617227e+00 1.777393e-01 2.012855e-11 1.231368e+01 
7.043646e-01 2.925827e+00 3 -1.220483e-01 1.030577e+01 5.803137e+00 4.502638e+00 2.012855e-11 1.231368e+01 
7.262077e-01 2.863368e+00 3 -1.217769e-01 1.363857e+01 1.240854e+01 1.230032e+00 2.012855e-11 1.231368e+01 
7.473414e-01 2.849734e+00 3 -1.213975e-01 1.719510e+01 1.045950e+01 6.735596e+00 2.012855e-11 1.231368e+01 
7.677448e-01 2.767794e+00 3 -1.208962e-01 2.156687e+01 1.877085e+01 2.796018e+00 2.012855e-11 1.231368e+01 
7.873980e-01 2.734428e+00 3 -1.202372e-01 2.604164e+01 1.635054e+01 9.691101e+00 2.012855e-11 1.231368e+01 
8.062820e-01 2.629652e+00 3 -1.194041e-01 3.122585e+01 2.632532e+01 4.900532e+00 2.012855e-11 1.231368e+01 
8.243781e-01 2.574074e+00 3 -1.183638e-01 3.630023e+01 2.291085e+01 1.338938e+01 2.012855e-11 1.231368e+01 
8.416687e-01 2.444958e+00 3 -1.171037e-01 4.191137e+01 3.435940e+01 7.551971e+00 2.012855e-11 1.231368e+01 
8.581369e-01 2.366654e+00 3 -1.156002e-01 4.715044e+01 2.931019e+01 1.784025e+01 2.012855e-11 1.231368e+01 
8.737667e-01 2.213821e+00 3 -1.138512e-01 5.273589e+01 4.195517e+01 1.078073e+01 2.012855e-11 1.231368e+01 
8.885427e-01 2.114307e+00 3 -1.118491e-01 5.768710e+01 3.460912e+01 2.307799e+01 2.012855e-11 1.231368e+01 
9.024505e-01 1.940459e+00 3 -1.096080e-01 6.282401e+01 4.814430e+01 1.467970e+01 2.012855e-11 1.231368e+01 
9.154766e-01 1.823049e+00 3 -1.071412e-01 6.710452e+01 3.791587e+01 2.918865e+01 2.012855e-11 1.231368e+01 
9.276081e-01 1.632756e+00 3 -1.044824e-01 7.147355e+01 5.202765e+01 1.944590e+01 2.012855e-11 1.231368e+01 
9.388333e-01 1.502217e+00 3 -1.016669e-01 7.482663e+01 3.850151e+01 3.632512e+01 2.012855e-11 1.231368e+01 
9.491412e-01 1.301779e+00 3 -9.874758e-02 7.825163e+01 5.281851e+01 2.543312e+01 2.012855e-11 1.231368e+01 
9.585217e-01 1.164057e+00 3 -9.577977e-02 8.056826e+01 3.586468e+01 4.470358e+01 2.012855e-11 1.231368e+01 
9.669657e-01 9.617365e-01 3 -9.283117e-02 8.302413e+01 4.979679e+01 3.322734e+01 2.012855e-11 1.231368e+01 
9.744648e-01 8.239932e-01 3 -8.997055e-02 8.433598e+01 2.978829e+01 5.454769e+01 2.012855e-11 1.231368e+01 
9.810118e-01 6.310825e-01 3 -8.727273e-02 8.593506e+01 4.222898e+01 4.370609e+01 2.012855e-11 1.231368e+01 
9.866002e-01 5.024855e-01 3 -8.481032e-02 8.638880e+01 2.054581e+01 6.584299e+01 2.012855e-11 1.231368e+01 
9.912247e-01 3.358749e-01 3 -8.265470e-02 8.735988e+01 2.961733e+01 5.774255e+01 2.012855e-11 1.231368e+01 
9.948806e-01 2.298983e-01 3 -8.087041e-02 8.717594e+01 9.669106e+00 7.750683e+01 2.012855e-11 1.231368e+01 
9.975644e-01 1.155029e-01 3 -7.951352e-02 8.785738e+01 1.370320e+01 7.415418e+01 2.012855e-11 1.231368e+01 
9.992733e-01 5.366711e-02 3 -7.862803e-02 8.720545e+01 1.389783e+00 8.581567e+01 2.012855e-11 1.231368e+01 
1 2.089917e-02 3 -7.824625e-02 8.856064e+01 4.839916e+00 8.372073e+01 2.012855e-11 1.231368e+01 
ZONE T="0.004", I=101
-1 2.096533e-02 3 -7.909502e-02 -7.608470e+01 -3.612270e+00 -7.247243e+01 -6.828886e-12 1.218526e+01 
-9.992733e-01 4.878066e-02 3 -7.953577e-02 -7.529596e+01 -1.622076e+00 -7.367388e+01 -6.828886e-12 1.218526e+01 
-9.975644e-01 1.042614e-01 3 -8.055988e-02 -7.567202e+01 -9.998304e+00 -6.567372e+01 -6.828886e-12 1.218526e+01 
-9.948806e-01 2.013227e-01 3 -8.213434e-02 -7.526709e+01 -8.604316e+00 -6.666277e+01 -6.828886e-12 1.218526e+01 
-9.912247e-01 2.998130e-01 3 -8.421435e-02 -7.534848e+01 -2.224461e+01 -5.310386e+01 -6.828886e-12 1.218526e+01 
-9.866002e-01 4.433280e-01 3 -8.674252e-02 -7.473632e+01 -1.779594e+01 -5.694038e+01 -6.828886e-12 1.218526e+01 
-9.810118e-01 5.658555e-01 3 -8.965189e-02 -7.438999e+01 -3.283923e+01 -4.155076e+01 -6.828886e-12 1.218526e+01 
-9.744648e-01 7.346557e-01 3 -9.286787e-02 -7.333503e+01 -2.586257e+01 -4.747247e+01 -6.828886e-12 1.218526e+01 
-9.669657e-01 8.684819e-01 3 -9.631286e-02 -7.239441e+01 -3.994548e+01 -3.244894e+01 -6.828886e-12 1.218526e+01 
-9.585217e-01 1.048122e+00 3 -9.990647e-02 -7.072619e+01 -3.152750e+01 -3.919869e+01 -6.828886e-12 1.218526e+01 
-9.491412e-01 1.184583e+00 3 -1.035719e-01 -6.906992e+01 -4.362470e+01 -2.544522e+01 -6.828886e-12 1.218526e+01 
-9.388333e-01 1.365220e+00 3 -1.072334e-01 -6.668905e+01 -3.452028e+01 -3.216877e+01 -6.828886e-12 1.218526e+01 
-9.276081e-01 1.497742e+00 3 -1.108247e-01 -6.426628e+01 -4.429789e+01 -1.996839e+01 -6.828886e-12 1.218526e+01 
-9.154766e-01 1.672126e+00 3 -1.142830e-01 -6.115743e+01 -3.495103e+01 -2.620640e+01 -6.828886e-12 1.218526e+01 
-9.024505e-01 1.795332e+00 3 -1.175596e-01 -5.800424e+01 -4.242619e+01 -1.557805e+01 -6.828886e-12 1.218526e+01 
-8.885427e-01 1.957841e+00 3 -1.206099e-01 -5.424656e+01 -3.312589e+01 -2.112066e+01 -6.828886e-12 1.218526e+01 
-8.737667e-01 2.067324e+00 3 -1.234068e-01 -5.049395e+01 -3.851687e+01 -1.197709e+01 -6.828886e-12 1.218526e+01 
-8.581369e-01 2.213652e+00 3 -1.259257e-01 -4.626201e+01 -2.950299e+01 -1.675902e+01 -6.828886e-12 1.218526e+01 
-8.416687e-01 2.306058e+00 3 -1.281610e-01 -4.213052e+01 -3.315473e+01 -8.975786e+00 -6.828886e-12 1.218526e+01 
-8.243781e-01 2.433231e+00 3 -1.301069e-01 -3.767997e+01 -2.466335e+01 -1.301661e+01 -6.828886e-12 1.218526e+01 
-8.062820e-01 2.506459e+00 3 -1.317767e-01 -3.345659e+01 -2.699417e+01 -6.462422e+00 -6.828886e-12 1.218526e+01 
-7.873980e-01 2.612968e+00 3 -1.331790e-01 -2.909135e+01 -1.925874e+01 -9.832611e+00 -6.828886e-12 1.218526e+01 
-7.677448e-01 2.666363e+00 3 -1.343405e-01 -2.508798e+01 -2.070687e+01 -4.381108e+00 -6.828886e-12 1.218526e+01 
-7.473414e-01 2.752269e+00 3 -1.352787e-01 -2.111064e+01 -1.393133e+01 -7.179307e+00 -6.828886e-12 1.218526e+01 
-7.262077e-01 2.786696e+00 3 -1.360273e-01 -1.760904e+01 -1.489844e+01 -2.710597e+00 -6.828886e-12 1.218526e+01 
-7.043646e-01 2.853593e+00 3 -1.366061e-01 -1.426333e+01 -9.218803e+00 -5.044530e+00 -6.828886e-12 1.218526e+01 
-6.818331e-01 2.871310e+00 3 -1.370505e-01 -1.145937e+01 -1.001819e+01 -1.441180e+00 -6.828886e-12 1.218526e+01 
-6.586355e-01 2.922052e+00 3 -1.373774e-01 -8.880820e+00 -5.470449e+00 -3.410371e+00 -6.828886e-12 1.218526e+01 
-6.347943e-01 2.926326e+00 3 -1.376190e-01 -6.846473e+00 -6.294058e+00 -5.524150e-01 -6.828886e-12 1.218526e+01 
-6.103329e-01 2.964531e+00 3 -1.377863e-01 -5.040183e+00 -2.805078e+00 -2.235105e+00 -6.828886e-12 1.218526e+01 
-5.852752e-01 2.959049e+00 3 -1.379061e-01 -3.720201e+00 -3.721510e+00 1.309289e-03 -6.828886e-12 1.218526e+01 
-5.596455e-01 2.988445e+00 3 -1.379826e-01 -2.577492e+00 -1.130875e+00 -1.446616e+00 -6.828886e-12 1.218526e+01 
-5.334691e-01 2.976675e+00 3 -1.380371e-01 -1.824479e+00 -2.115517e+00 2.910377e-01 -6.828886e-12 1.218526e+01 
-5.067714e-01 3.000509e+00 3 -1.380675e-01 -1.172555e+00 -2.213104e-01 -9.512446e-01 -6.828886e-12 1.218526e+01 
-4.795785e-01 2.985207e+00 3 -1.380909e-01 -8.049849e-01 -1.204634e+00 3.996493e-01 -6.828886e-12 1.218526e+01 
-4.519171e-01 3.005887e+00 3 -1.381004e-01 -4.661592e-01 1.869480e-01 -6.531072e-01 -6.828886e-12 1.218526e+01 
-4.238141e-01 2.988911e+00 3 -1.381107e-01 -3.219216e-01 -7.249029e-01 4.029813e-01 -6.828886e-12 1.218526e+01 
-3.952970e-01 3.007964e+00 3 -1.381118e-01 -1.559961e-01 3.166503e-01 -4.726465e-01 -6.828886e-12 1.218526e+01 
-3.663936e-01 2.990368e+00 3 -1.381173e-01 -1.206575e-01 -4.772494e-01 3.565919e-01 -6.828886e-12 1.218526e+01 
-3.371323e-01 3.008629e+00 3 -1.381155e-01 -3.851159e-02 3.168157e-01 -3.553273e-01 -6.828886e-12 1.218526e+01 
-3.075416e-01 2.990909e+00 3 -1.381195e-01 -4.623774e-02 -3.394471e-01 2.932094e-01 -6.828886e-12 1.218526e+01 
-2.776503e-01 3.008778e+00 3 -1.381166e-01 -1.276277e-03 2.683599e-01 -2.696362e-01 -6.828886e-12 1.218526e+01 
-2.474878e-01 2.991117e+00 3 -1.381202e-01 -2.074117e-02 -2.488103e-01 2.280691e-01 -6.828886e-12 1.218526e+01 
-2.170834e-01 3.008773e+00 3 -1.381170e-01 7.314967e-03 2.070261e-01 -1.997111e-01 -6.828886e-12 1.218526e+01 
-1.864670e-01 2.991212e+00 3 -1.381205e-01 -1.144657e-02 -1.777373e-01 1.662907e-01 -6.828886e-12 1.218526e+01 
-1.556683e-01 3.008736e+00 3 -1.381172e-01 7.123448e-03 1.452506e-01 -1.381271e-01 -6.828886e-12 1.218526e+01 
-1.247176e-01 2.991263e+00 3 -1.381207e-01 -6.781869e-03 -1.152182e-01 1.084363e-01 -6.828886e-12 1.218526e+01 
-9.364497e-02 3.008706e+00 3 -1.381173e-01 4.609525e-03 8.583711e-02 -8.122759e-02 -6.828886e-12 1.218526e+01 
-6.248086e-02 2.991290e+00 3 -1.381208e-01 -3.268466e-03 -5.674869e-02 5.348022e-02 -6.828886e-12 1.218526e+01 
-3.125570e-02 3.008689e+00 3 -1.381173e-01 1.565785e-03 2.837884e-02 -2.681306e-02 -6.828886e-12 1.218526e+01 
0 2.991299e+00 3 -1.381209e-01 8.106384e-09 5.983777e-09 2.122791e-09 -6.828886e-12 1.218526e+01 
3.125570e-02 3.008689e+00 3 -1.381173e-01 -1.565793e-03 -2.837885e-02 2.681306e-02 -6.828886e-12 1.218526e+01 
6.248086e-02 2.991290e+00 3 -1.381208e-01 3.268454e-03 5.674868e-02 -5.348022e-02 -6.828886e-12 1.218526e+01 
9.364497e-02 3.008706e+00 3 -1.381173e-01 -4.609519e-03 -8.583711e-02 8.122759e-02 -6.828886e-12 1.218526e+01 
1.247176e-01 2.991263e+00 3 -1.381207e-01 6.781880e-03 1.152182e-01 -1.084363e-01 -6.828886e-12 1.218526e+01 
1.556683e-01 3.008736e+00 3 -1.381172e-01 -7.123457e-03 -1.452506e-01 1.381271e-01 -6.828886e-12 1.218526e+01 
1.864670e-01 2.991212e+00 3 -1.381205e-01 1.144658e-02 1.777373e-01 -1.662907e-01 -6.828886e-12 1.218526e+01 
2.170834e-01 3.008773e+00 3 -1.381170e-01 -7.314960e-03 -2.070261e-01 1.997111e-01 -6.828886e-12 1.218526e+01 
2.474878e-01 2.991117e+00 3 -1.381202e-01 2.074117e-02 2.488103e-01 -2.280691e-01 -6.828886e-12 1.218526e+01 
2.776503e-01 3.008778e+00 3 -1.381166e-01 1.276274e-03 -2.683599e-01 2.696361e-01 -6.828886e-12 1.218526e+01 
3.075416e-01 2.990909e+00 3 -1.381195e-01 4.623775e-02 3.394471e-01 -2.932094e-01 -6.828886e-12 1.218526e+01 
3.371323e-01 3.008629e+00 3 -1.381155e-01 3.851161e-02 -3.168157e-01 3.553273e-01 -6.828886e-12 1.218526e+01 
3.663936e-01 2.990368e+00 3 -1.381173e-01 1.206575e-01 4.772494e-01 -3.565919e-01 -6.828886e-12 1.218526e+01 
3.952970e-01 3.007964e+00 3 -1.381118e-01 1.559961e-01 -3.166504e-01 4.726465e-01 -6.828886e-12 1.218526e+01 
4.238141e-01 2.988911e+00 3 -1.381107e-01 3.219216e-01 7.249029e-01 -4.029813e-01 -6.828886e-12 1.218526e+01 
4.519171e-01 3.005887e+00 3 -1.381004e-01 4.661592e-01 -1.869480e-01 6.531072e-01 -6.828886e-12 1.218526e+01 
4.795785e-01 2.985207e+00 3 -1.380909e-01 8.049849e-01 1.204634e+00 -3.996493e-01 -6.828886e-12 1.218526e+01 
5.067714e-01 3.000509e+00 3 -1.380675e-01 1.172555e+00 2.213104e-01 9.512446e-01 -6.828886e-12 1.218526e+01 
5.334691e-01 2.976675e+00 3 -1.380371e-01 1.824479e+00 2.115517e+00 -2.910377e-01 -6.828886e-12 1.218526e+01 
5.596455e-01 2.988445e+00 3 -1.379826e-01 2.577492e+00 1.130875e+00 1.446616e+00 -6.828886e-12 1.218526e+01 
5.852752e-01 2.959049e+00 3 -1.379061e-01 3.720201e+00 3.721510e+00 -1.309285e-03 -6.828886e-12 1.218526e+01 
6.103329e-01 2.964531e+00 3 -1.377863e-01 5.040183e+00 2.805078e+00 2.235105e+00 -6.828886e-12 1.218526e+01 
6.347943e-01 2.926326e+00 3 -1.376190e-01 6.846473e+00 6.294058e+00 5.524150e-01 -6.828886e-12 1.218526e+01 
6.586355e-01 2.922052e+00 3 -1.373774e-01 8.880820e+00 5.470449e+00 3.410371e+00 -6.828886e-12 1.218526e+01 
6.818331e-01 2.871310e+00 3 -1.370505e-01 1.145937e+01 1.001819e+01 1.441180e+00 -6.828886e-12 1.218526e+01 
7.043646e-01 2.853593e+00 3 -1.366061e-01 1.426333e+01 9.218803e+00 5.044530e+00 -6.828886e-12 1.218526e+01 
7.262077e-01 2.786696e+00 3 -1.360273e-01 1.760904e+01 1.489844e+01 2.710597e+00 -6.828886e-12 1.218526e+01 
7.473414e-01 2.752269e+00 3 -1.352787e-01 2.111064e+01 1.393133e+01 7.179307e+00 -6.828886e-12 1.218526e+01 
7.677448e-01 2.666363e+00 3 -1.343405e-01 2.508798e+01 2.070687e+01 4.381108e+00 -6.828886e-12 1.218526e+01 
7.873980e-01 2.612968e+00 3 -1.331790e-01 2.909135e+01 1.925874e+01 9.832611e+00 -6.828886e-12 1.218526e+01 
8.062820e-01 2.506459e+00 3 -1.317767e-01 3.345659e+01 2.699417e+01 6.462422e+00 -6.828886e-12 1.218526e+01 
8.243781e-01 2.433231e+00 3 -1.301069e-01 3.767997e+01 2.466335e+01 1.301661e+01 -6.828886e-12 1.218526e+01 
8.416687e-01 2.306058e+00 3 -1.281610e-01 4.213052e+01 3.315473e+01 8.975786e+00 -6.828886e-12 1.218526e+01 
8.581369e-01 2.213652e+00 3 -1.259257e-01 4.626201e+01 2.950299e+01 1.675902e+01 -6.828886e-12 1.218526e+01 
8.737667e-01 2.067324e+00 3 -1.234068e-01 5.049395e+01 3.851687e+01 1.197709e+01 -6.828886e-12 1.218526e+01 
8.885427e-01 1.957841e+00 3 -1.206099e-01 5.424656e+01 3.312589e+01 2.112066e+01 -6.828886e-12 1.218526e+01 
9.024505e-01 1.795332e+00 3 -1.175596e-01 5.800424e+01 4.242619e+01 1.557805e+01 -6.828886e-12 1.218526e+01 
9.154766e-01 1.672126e+00 3 -1.142830e-01 6.115743e+01 3.495103e+01 2.620640e+01 -6.828886e-12 1.218526e+01 
9.276081e-01 1.497742e+00 3 -1.108247e-01 6.426628e+01 4.429789e+01 1.996839e+01 -6.828886e-12 1.218526e+01 
9.388333e-01 1.365220e+00 3 -1.072334e-01 6.668905e+01 3.452028e+01 3.216877e+01 -6.828886e-12 1.218526e+01 
9.491412e-01 1.184583e+00 3 -1.035719e-01 6.906992e+01 4.362470e+01 2.544522e+01 -6.828886e-12 1.218526e+01 
9.585217e-01 1.048122e+00 3 -9.990647e-02 7.072619e+01 3.152750e+01 3.919869e+01 -6.828886e-12 1.218526e+01 
9.669657e-01 8.684819e-01 3 -9.631286e-02 7.239441e+01 3.994548e+01 3.244894e+01 -6.828886e-12 1.218526e+01 
9.744648e-01 7.346557e-01 3 -9.286787e-02 7.333503e+01 2.586257e+01 4.747247e+01 -6.828886e-12 1.218526e+01 
9.810118e-01 5.658555e-01 3 -8.965189e-02 7.438999e+01 3.283923e+01 4.155076e+01 -6.828886e-12 1.218526e+01 
9.866002e-01 4.433280e-01 3 -8.674252e-02 7.473632e+01 1.779594e+01 5.694038e+01 -6.828886e-12 1.218526e+01 
9.912247e-01 2.998130e-01 3 -8.421435e-02 7.534848e+01 2.224461e+01 5.310386e+01 -6.828886e-12 1.218526e+01 
9.948806e-01 2.013227e-01 3 -8.213434e-02 7.526709e+01 8.604316e+00 6.666277e+01 -6.828886e-12 1.218526e+01 
9.975644e-01 1.042614e-01 3 -8.055988e-02 7.567202e+01 9.998304e+00 6.567372e+01 -6.828886e-12 1.218526e+01 
9.992733e-01 4.878066e-02 3 -7.953577e-02 7.529596e+01 1.622076e+00 7.367388e+01 -6.828886e-12 1.218526e+01 
1 2.096533e-02 3 -7.909502e-02 7.608470e+01 3.612270e+00 7.247243e+01 -6.828886e-12 1.218526e+01 
ZONE T="0.005", I=101
-1 2.109042e-02 3 -8.175685e-02 -6.763634e+01 -2.886891e+00 -6.474945e+01 1.368717e-11 1.207572e+01 
-9.992733e-01 4.563429e-02 3 -8.224933e-02 -6.712551e+01 -1.656767e+00 -6.546875e+01 1.368717e-11 1.207572e+01 
-9.975644e-01 9.630728e-02 3 -8.339504e-02 -6.736759e+01 -7.846873e+00 -5.952072e+01 1.368717e-11 1.207572e+01 
-9.948806e-01 1.819864e-01 3 -8.516036e-02 -6.709893e+01 -7.678990e+00 -5.941994e+01 1.368717e-11 1.207572e+01 
-9.912247e-01 2.740898e-01 3 -8.749993e-02 -6.713616e+01 -1.779775e+01 -4.933842e+01 1.368717e-11 1.207572e+01 
-9.866002e-01 4.022006e-01 3 -9.035535e-02 -6.670779e+01 -1.569286e+01 -5.101494e+01 1.368717e-11 1.207572e+01 
-9.810118e-01 5.188775e-01 3 -9.365791e-02 -6.643136e+01 -2.695871e+01 -3.947265e+01 1.368717e-11 1.207572e+01 
-9.744648e-01 6.713669e-01 3 -9.733061e-02 -6.566623e+01 -2.292095e+01 -4.274528e+01 1.368717e-11 1.207572e+01 
-9.669657e-01 8.006406e-01 3 -1.012922e-01 -6.494334e+01 -3.356410e+01 -3.137924e+01 1.368717e-11 1.207572e+01 
-9.585217e-01 9.647239e-01 3 -1.054582e-01 -6.370715e+01 -2.823306e+01 -3.547409e+01 1.368717e-11 1.207572e+01 
-9.491412e-01 1.098344e+00 3 -1.097457e-01 -6.243630e+01 -3.745139e+01 -2.498491e+01 1.368717e-11 1.207572e+01 
-9.388333e-01 1.265153e+00 3 -1.140729e-01 -6.064341e+01 -3.135508e+01 -2.928833e+01 1.368717e-11 1.207572e+01 
-9.276081e-01 1.396938e+00 3 -1.183655e-01 -5.877176e+01 -3.886119e+01 -1.991057e+01 1.368717e-11 1.207572e+01 
-9.154766e-01 1.559905e+00 3 -1.225525e-01 -5.639415e+01 -3.233985e+01 -2.405431e+01 1.368717e-11 1.207572e+01 
-9.024505e-01 1.684865e+00 3 -1.265754e-01 -5.392876e+01 -3.811044e+01 -1.581832e+01 1.368717e-11 1.207572e+01 
-8.885427e-01 1.838857e+00 3 -1.303806e-01 -5.100372e+01 -3.139548e+01 -1.960824e+01 1.368717e-11 1.207572e+01 
-8.737667e-01 1.952879e+00 3 -1.339297e-01 -4.801815e+01 -3.555910e+01 -1.245905e+01 1.368717e-11 1.207572e+01 
-8.581369e-01 2.093863e+00 3 -1.371892e-01 -4.465095e+01 -2.884281e+01 -1.580814e+01 1.368717e-11 1.207572e+01 
-8.416687e-01 2.193694e+00 3 -1.401424e-01 -4.128445e+01 -3.162570e+01 -9.658758e+00 1.368717e-11 1.207572e+01 
-8.243781e-01 2.318696e+00 3 -1.427758e-01 -3.764250e+01 -2.509684e+01 -1.254566e+01 1.368717e-11 1.207572e+01 
-8.062820e-01 2.402054e+00 3 -1.450927e-01 -3.408917e+01 -2.678727e+01 -7.301897e+00 1.368717e-11 1.207572e+01 
-7.873980e-01 2.509226e+00 3 -1.470965e-01 -3.038518e+01 -2.063812e+01 -9.747056e+00 1.368717e-11 1.207572e+01 
-7.677448e-01 2.574938e+00 3 -1.488067e-01 -2.687151e+01 -2.155288e+01 -5.318634e+00 1.368717e-11 1.207572e+01 
-7.473414e-01 2.663654e+00 3 -1.502386e-01 -2.333556e+01 -1.596633e+01 -7.369237e+00 1.368717e-11 1.207572e+01 
-7.262077e-01 2.711747e+00 3 -1.514223e-01 -2.008795e+01 -1.641476e+01 -3.673191e+00 1.368717e-11 1.207572e+01 
-7.043646e-01 2.782621e+00 3 -1.523792e-01 -1.693153e+01 -1.154043e+01 -5.391095e+00 1.368717e-11 1.207572e+01 
-6.818331e-01 2.814305e+00 3 -1.531441e-01 -1.413883e+01 -1.178856e+01 -2.350272e+00 1.368717e-11 1.207572e+01 
-6.586355e-01 2.869089e+00 3 -1.537391e-01 -1.151811e+01 -7.717535e+00 -3.800575e+00 1.368717e-11 1.207572e+01 
-6.347943e-01 2.886574e+00 3 -1.541984e-01 -9.298426e+00 -7.958798e+00 -1.339628e+00 1.368717e-11 1.207572e+01 
-6.103329e-01 2.927888e+00 3 -1.545404e-01 -7.287296e+00 -4.707059e+00 -2.580237e+00 1.368717e-11 1.207572e+01 
-5.852752e-01 2.934045e+00 3 -1.547955e-01 -5.669791e+00 -5.047893e+00 -6.218983e-01 1.368717e-11 1.207572e+01 
-5.596455e-01 2.964964e+00 3 -1.549760e-01 -4.252557e+00 -2.556390e+00 -1.696167e+00 1.368717e-11 1.207572e+01 
-5.334691e-01 2.962865e+00 3 -1.551067e-01 -3.182108e+00 -3.021674e+00 -1.604338e-01 1.368717e-11 1.207572e+01 
-5.067714e-01 2.986442e+00 3 -1.551932e-01 -2.269948e+00 -1.175017e+00 -1.094930e+00 1.368717e-11 1.207572e+01 
-4.795785e-01 2.978911e+00 3 -1.552551e-01 -1.633824e+00 -1.731497e+00 9.767271e-02 1.368717e-11 1.207572e+01 
-4.519171e-01 2.997770e+00 3 -1.552922e-01 -1.098937e+00 -3.889846e-01 -7.099526e-01 1.368717e-11 1.207572e+01 
-4.238141e-01 2.987053e+00 3 -1.553197e-01 -7.646636e-01 -9.770910e-01 2.124274e-01 1.368717e-11 1.207572e+01 
-3.952970e-01 3.003161e+00 3 -1.553332e-01 -4.778145e-01 -4.090035e-03 -4.737245e-01 1.368717e-11 1.207572e+01 
-3.663936e-01 2.990807e+00 3 -1.553453e-01 -3.266682e-01 -5.656989e-01 2.390307e-01 1.368717e-11 1.207572e+01 
-3.371323e-01 3.005450e+00 3 -1.553487e-01 -1.837600e-01 1.455422e-01 -3.293022e-01 1.368717e-11 1.207572e+01 
-3.075416e-01 2.992385e+00 3 -1.553546e-01 -1.288927e-01 -3.482839e-01 2.193912e-01 1.368717e-11 1.207572e+01 
-2.776503e-01 3.006302e+00 3 -1.553541e-01 -6.036932e-02 1.757051e-01 -2.360744e-01 1.368717e-11 1.207572e+01 
-2.474878e-01 2.992998e+00 3 -1.553578e-01 -4.852681e-02 -2.284694e-01 1.799425e-01 1.368717e-11 1.207572e+01 
-2.170834e-01 3.006568e+00 3 -1.553558e-01 -1.511049e-02 1.540353e-01 -1.691458e-01 1.368717e-11 1.207572e+01 
-1.864670e-01 2.993228e+00 3 -1.553588e-01 -1.853891e-02 -1.529877e-01 1.344488e-01 1.368717e-11 1.207572e+01 
-1.556683e-01 3.006629e+00 3 -1.553564e-01 -1.273525e-03 1.138058e-01 -1.150794e-01 1.368717e-11 1.207572e+01 
-1.247176e-01 2.993315e+00 3 -1.553592e-01 -7.563839e-03 -9.615336e-02 8.858953e-02 1.368717e-11 1.207572e+01 
-9.364497e-02 3.006631e+00 3 -1.553566e-01 1.442098e-03 6.863401e-02 -6.719191e-02 1.368717e-11 1.207572e+01 
-6.248086e-02 2.993349e+00 3 -1.553593e-01 -2.902873e-03 -4.676757e-02 4.386470e-02 1.368717e-11 1.207572e+01 
-3.125570e-02 3.006625e+00 3 -1.553567e-01 7.239145e-04 2.284714e-02 -2.212323e-02 1.368717e-11 1.207572e+01 
0 2.993359e+00 3 -1.553594e-01 5.530279e-09 4.126392e-09 1.403749e-09 1.368717e-11 1.207572e+01 
3.125570e-02 3.006625e+00 3 -1.553567e-01 -7.239183e-04 -2.284715e-02 2.212323e-02 1.368717e-11 1.207572e+01 
6.248086e-02 2.993349e+00 3 -1.553593e-01 2.902869e-03 4.676757e-02 -4.386470e-02 1.368717e-11 1.207572e+01 
9.364497e-02 3.006631e+00 3 -1.553566e-01 -1.442102e-03 -6.863401e-02 6.719191e-02 1.368717e-11 1.207572e+01 
1.247176e-01 2.993315e+00 3 -1.553592e-01 7.563841e-03 9.615337e-02 -8.858952e-02 1.368717e-11 1.207572e+01 
1.556683e-01 3.006629e+00 3 -1.553564e-01 1.273529e-03 -1.138058e-01 1.150794e-01 1.368717e-11 1.207572e+01 
1.864670e-01 2.993228e+00 3 -1.553588e-01 1.853892e-02 1.529877e-01 -1.344488e-01 1.368717e-11 1.207572e+01 
2.170834e-01 3.006568e+00 3 -1.553558e-01 1.511048e-02 -1.540353e-01 1.691458e-01 1.368717e-11 1.207572e+01 
2.474878e-01 2.992998e+00 3 -1.553578e-01 4.852682e-02 2.284694e-01 -1.799425e-01 1.368717e-11 1.207572e+01 
2.776503e-01 3.006302e+00 3 -1.553541e-01 6.036932e-02 -1.757051e-01 2.360744e-01 1.368717e-11 1.207572e+01 
3.075416e-01 2.992385e+00 3 -1.553546e-01 1.288927e-01 3.482839e-01 -2.193912e-01 1.368717e-11 1.207572e+01 
3.371323e-01 3.005450e+00 3 -1.553487e-01 1.837600e-01 -1.455422e-01 3.293022e-01 1.368717e-11 1.207572e+01 
3.663936e-01 2.990807e+00 3 -1.553453e-01 3.266682e-01 5.656989e-01 -2.390307e-01 1.368717e-11 1.207572e+01 
3.952970e-01 3.003161e+00 3 -1.553332e-01 4.778145e-01 4.090033e-03 4.737245e-01 1.368717e-11 1.207572e+01 
4.238141e-01 2.987053e+00 3 -1.553197e-01 7.646636e-01 9.770910e-01 -2.124274e-01 1.368717e-11 1.207572e+01 
4.519171e-01 2.997770e+00 3 -1.552922e-01 1.098937e+00 3.889846e-01 7.099526e-01 1.368717e-11 1.207572e+01 
4.795785e-01 2.978911e+00 3 -1.552551e-01 1.633824e+00 1.731497e+00 -9.767271e-02 1.368717e-11 1.207572e+01 
5.067714e-01 2.986442e+00 3 -1.551932e-01 2.269948e+00 1.175017e+00 1.094930e+00 1.368717e-11 1.207572e+01 
5.334691e-01 2.962865e+00 3 -1.551067e-01 3.182108e+00 3.021674e+00 1.604338e-01 1.368717e-11 1.207572e+01 
5.596455e-01 2.964964e+00 3 -1.549760e-01 4.252557e+00 2.556390e+00 1.696167e+00 1.368717e-11 1.207572e+01 
5.852752e-01 2.934045e+00 3 -1.547955e-01 5.669791e+00 5.047893e+00 6.218983e-01 1.368717e-11 1.207572e+01 
6.103329e-01 2.927888e+00 3 -1.545404e-01 7.287296e+00 4.707059e+00 2.580237e+00 1.368717e-11 1.207572e+01 
6.347943e-01 2.886574e+00 3 -1.541984e-01 9.298426e+00 7.958798e+00 1.339628e+00 1.368717e-11 1.207572e+01 
6.586355e-01 2.869089e+00 3 -1.537391e-01 1.151811e+01 7.717535e+00 3.800575e+00 1.368717e-11 1.207572e+01 
6.818331e-01 2.814305e+00 3 -1.531441e-01 1.413883e+01 1.178856e+01 2.350272e+00 1.368717e-11 1.207572e+01 
7.043646e-01 2.782621e+00 3 -1.523792e-01 1.693153e+01 1.154043e+01 5.391095e+00 1.368717e-11 1.207572e+01 
7.262077e-01 2.711747e+00 3 -1.514223e-01 2.008795e+01 1.641476e+01 3.673191e+00 1.368717e-11 1.207572e+01 
7.473414e-01 2.663654e+00 3 -1.502386e-01 2.333556e+01 1.596633e+01 7.369237e+00 1.368717e-11 1.207572e+01 
7.677448e-01 2.574938e+00 3 -1.488067e-01 2.687151e+01 2.155288e+01 5.318634e+00 1.368717e-11 1.207572e+01 
7.873980e-01 2.509226e+00 3 -1.470965e-01 3.038518e+01 2.063812e+01 9.747056e+00 1.368717e-11 1.207572e+01 
8.062820e-01 2.402054e+00 3 -1.450927e-01 3.408917e+01 2.678727e+01 7.301897e+00 1.368717e-11 1.207572e+01 
8.243781e-01 2.318696e+00 3 -1.427758e-01 3.764250e+01 2.509684e+01 1.254566e+01 1.368717e-11 1.207572e+01 
8.416687e-01 2.193694e+00 3 -1.401424e-01 4.128445e+01 3.162570e+01 9.658758e+00 1.368717e-11 1.207572e+01 
8.581369e-01 2.093863e+00 3 -1.371892e-01 4.465095e+01 2.884281e+01 1.580814e+01 1.368717e-11 1.207572e+01 
8.737667e-01 1.952879e+00 3 -1.339297e-01 4.801815e+01 3.555910e+01 1.245905e+01 1.368717e-11 1.207572e+01 
8.885427e-01 1.838857e+00 3 -1.303806e-01 5.100372e+01 3.139548e+01 1.960824e+01 1.368717e-11 1.207572e+01 
9.024505e-01 1.684865e+00 3 -1.265754e-01 5.392876e+01 3.811044e+01 1.581832e+01 1.368717e-11 1.207572e+01 
9.154766e-01 1.559905e+00 3 -1.225525e-01 5.639415e+01 3.233985e+01 2.405431e+01 1.368717e-11 1.207572e+01 
9.276081e-01 1.396938e+00 3 -1.183655e-01 5.877176e+01 3.886119e+01 1.991057e+01 1.368717e-11 1.207572e+01 
9.388333e-01 1.265153e+00 3 -1.140729e-01 6.064341e+01 3.135508e+01 2.928833e+01 1.368717e-11 1.207572e+01 
9.491412e-01 1.098344e+00 3 -1.097457e-01 6.243630e+01 3.745139e+01 2.498491e+01 1.368717e-11 1.207572e+01 
9.585217e-01 9.647239e-01 3 -1.054582e-01 6.370715e+01 2.823306e+01 3.547409e+01 1.368717e-11 1.207572e+01 
9.669657e-01 8.006406e-01 3 -1.012922e-01 6.494334e+01 3.356410e+01 3.137924e+01 1.368717e-11 1.207572e+01 
9.744648e-01 6.713669e-01 3 -9.733061e-02 6.566623e+01 2.292095e+01 4.274528e+01 1.368717e-11 1.207572e+01 
9.810118e-01 5.188775e-01 3 -9.365791e-02 6.643136e+01 2.695871e+01 3.947265e+01 1.368717e-11 1.207572e+01 
9.866002e-01 4.022006e-01 3 -9.035535e-02 6.670779e+01 1.569286e+01 5.101494e+01 1.368717e-11 1.207572e+01 
9.912247e-01 2.740898e-01 3 -8.749993e-02 6.713616e+01 1.779775e+01 4.933842e+01 1.368717e-11 1.207572e+01 
9.948806e-01 1.819864e-01 3 -8.516036e-02 6.709893e+01 7.678990e+00 5.941994e+01 1.368717e-11 1.207572e+01 
9.975644e-01 9.630728e-02 3 -8.339504e-02 6.736759e+01 7.846873e+00 5.952072e+01 1.368717e-11 1.207572e+01 
9.992733e-01 4.563429e-02 3 -8.224933e-02 6.712551e+01 1.656767e+00 6.546875e+01 1.368717e-11 1.207572e+01 
1 2.109042e-02 3 -8.175685e-02 6.763634e+01 2.886891e+00 6.474945e+01 1.368717e-11 1.207572e+01 
ZONE T="0.006", I=101
-1 2.124120e-02 3 -8.518152e-02 -6.141635e+01 -2.410413e+00 -5.900594e+01 1.229953e-11 1.197969e+01 
-9.992733e-01 4.341719e-02 3 -8.572056e-02 -6.106268e+01 -1.626365e+00 -5.943632e+01 1.229953e-11 1.197969e+01 
-9.975644e-01 9.029046e-02 3 -8.697577e-02 -6.122896e+01 -6.450910e+00 -5.477805e+01 1.229953e-11 1.197969e+01 
-9.948806e-01 1.677736e-01 3 -8.891296e-02 -6.103880e+01 -6.912431e+00 -5.412637e+01 1.229953e-11 1.197969e+01 
-9.912247e-01 2.544562e-01 3 -9.148634e-02 -6.105295e+01 -1.482701e+01 -4.622594e+01 1.229953e-11 1.197969e+01 
-9.866002e-01 3.713515e-01 3 -9.463671e-02 -6.073440e+01 -1.403983e+01 -4.669457e+01 1.229953e-11 1.197969e+01 
-9.810118e-01 4.827254e-01 3 -9.829396e-02 -6.050513e+01 -2.291362e+01 -3.759151e+01 1.229953e-11 1.197969e+01 
-9.744648e-01 6.232163e-01 3 -1.023792e-01 -5.991786e+01 -2.062363e+01 -3.929423e+01 1.229953e-11 1.197969e+01 
-9.669657e-01 7.480254e-01 3 -1.068084e-01 -5.933554e+01 -2.906042e+01 -3.027513e+01 1.229953e-11 1.197969e+01 
-9.585217e-01 9.005537e-01 3 -1.114935e-01 -5.836941e+01 -2.563366e+01 -3.273576e+01 1.229953e-11 1.197969e+01 
-9.491412e-01 1.030909e+00 3 -1.163473e-01 -5.734755e+01 -3.298037e+01 -2.436719e+01 1.229953e-11 1.197969e+01 
-9.388333e-01 1.187322e+00 3 -1.212828e-01 -5.592833e+01 -2.878990e+01 -2.713843e+01 1.229953e-11 1.197969e+01 
-9.276081e-01 1.317340e+00 3 -1.262192e-01 -5.441660e+01 -3.479813e+01 -1.961847e+01 1.229953e-11 1.197969e+01 
-9.154766e-01 1.471564e+00 3 -1.310792e-01 -5.251256e+01 -3.010747e+01 -2.240509e+01 1.229953e-11 1.197969e+01 
-9.024505e-01 1.596532e+00 3 -1.357961e-01 -5.050494e+01 -3.473810e+01 -1.576683e+01 1.229953e-11 1.197969e+01 
-8.885427e-01 1.743799e+00 3 -1.403088e-01 -4.813265e+01 -2.973554e+01 -1.839711e+01 1.229953e-11 1.197969e+01 
-8.737667e-01 1.859832e+00 3 -1.445698e-01 -4.567259e+01 -3.306990e+01 -1.260269e+01 1.229953e-11 1.197969e+01 
-8.581369e-01 1.996344e+00 3 -1.485375e-01 -4.289968e+01 -2.791402e+01 -1.498566e+01 1.229953e-11 1.197969e+01 
-8.416687e-01 2.100312e+00 3 -1.521861e-01 -4.008083e+01 -3.011170e+01 -9.969129e+00 1.229953e-11 1.197969e+01 
-8.243781e-01 2.223164e+00 3 -1.554945e-01 -3.702347e+01 -2.495828e+01 -1.206519e+01 1.229953e-11 1.197969e+01 
-8.062820e-01 2.312740e+00 3 -1.584574e-01 -3.398399e+01 -2.623087e+01 -7.753128e+00 1.229953e-11 1.197969e+01 
-7.873980e-01 2.419953e+00 3 -1.610723e-01 -3.079743e+01 -2.124071e+01 -9.556724e+00 1.229953e-11 1.197969e+01 
-7.677448e-01 2.493716e+00 3 -1.633518e-01 -2.770678e+01 -2.182843e+01 -5.878354e+00 1.229953e-11 1.197969e+01 
-7.473414e-01 2.584303e+00 3 -1.653076e-01 -2.456824e+01 -1.716082e+01 -7.407419e+00 1.229953e-11 1.197969e+01 
-7.262077e-01 2.641814e+00 3 -1.669652e-01 -2.160668e+01 -1.730794e+01 -4.298740e+00 1.229953e-11 1.197969e+01 
-7.043646e-01 2.715818e+00 3 -1.683455e-01 -1.869190e+01 -1.310523e+01 -5.586665e+00 1.229953e-11 1.197969e+01 
-6.818331e-01 2.757635e+00 3 -1.694814e-01 -1.602501e+01 -1.303444e+01 -2.990574e+00 1.229953e-11 1.197969e+01 
-6.586355e-01 2.816092e+00 3 -1.703972e-01 -1.348195e+01 -9.403402e+00 -4.078548e+00 1.229953e-11 1.197969e+01 
-6.347943e-01 2.843688e+00 3 -1.711280e-01 -1.123506e+01 -9.292735e+00 -1.942320e+00 1.229953e-11 1.197969e+01 
-6.103329e-01 2.888471e+00 3 -1.716968e-01 -9.160533e+00 -6.288895e+00 -2.871639e+00 1.229953e-11 1.197969e+01 
-5.852752e-01 2.904030e+00 3 -1.721364e-01 -7.399363e+00 -6.255951e+00 -1.143412e+00 1.229953e-11 1.197969e+01 
-5.596455e-01 2.937588e+00 3 -1.724655e-01 -5.825494e+00 -3.876719e+00 -1.948775e+00 1.229953e-11 1.197969e+01 
-5.334691e-01 2.943688e+00 3 -1.727120e-01 -4.549625e+00 -3.974666e+00 -5.749596e-01 1.229953e-11 1.197969e+01 
-5.067714e-01 2.968697e+00 3 -1.728883e-01 -3.445010e+00 -2.164677e+00 -1.280334e+00 1.229953e-11 1.197969e+01 
-4.795785e-01 2.967952e+00 3 -1.730168e-01 -2.596906e+00 -2.391446e+00 -2.054603e-01 1.229953e-11 1.197969e+01 
-4.519171e-01 2.986956e+00 3 -1.731036e-01 -1.882833e+00 -1.059255e+00 -8.235788e-01 1.229953e-11 1.197969e+01 
-4.238141e-01 2.981687e+00 3 -1.731660e-01 -1.369674e+00 -1.376770e+00 7.095685e-03 1.229953e-11 1.197969e+01 
-3.952970e-01 2.996820e+00 3 -1.732048e-01 -9.454773e-01 -4.174306e-01 -5.280467e-01 1.229953e-11 1.197969e+01 
-3.663936e-01 2.988848e+00 3 -1.732334e-01 -6.655696e-01 -7.738569e-01 1.082873e-01 1.229953e-11 1.197969e+01 
-3.371323e-01 3.001694e+00 3 -1.732486e-01 -4.336465e-01 -8.964872e-02 -3.439978e-01 1.229953e-11 1.197969e+01 
-3.075416e-01 2.992277e+00 3 -1.732614e-01 -2.979602e-01 -4.372411e-01 1.392808e-01 1.229953e-11 1.197969e+01 
-2.776503e-01 3.003883e+00 3 -1.732661e-01 -1.803426e-01 4.944199e-02 -2.297845e-01 1.229953e-11 1.197969e+01 
-2.474878e-01 2.993787e+00 3 -1.732722e-01 -1.234592e-01 -2.549323e-01 1.314731e-01 1.229953e-11 1.197969e+01 
-2.170834e-01 3.004769e+00 3 -1.732726e-01 -6.719591e-02 8.815413e-02 -1.553500e-01 1.229953e-11 1.197969e+01 
-1.864670e-01 2.994403e+00 3 -1.732761e-01 -4.788463e-02 -1.531062e-01 1.052216e-01 1.229953e-11 1.197969e+01 
-1.556683e-01 3.005088e+00 3 -1.732748e-01 -2.190650e-02 7.980624e-02 -1.017127e-01 1.229953e-11 1.197969e+01 
-1.247176e-01 2.994637e+00 3 -1.732774e-01 -1.758373e-02 -8.930085e-02 7.171712e-02 1.229953e-11 1.197969e+01 
-9.364497e-02 3.005188e+00 3 -1.732756e-01 -5.945455e-03 5.220173e-02 -5.814719e-02 1.229953e-11 1.197969e+01 
-6.248086e-02 2.994720e+00 3 -1.732778e-01 -5.701828e-03 -4.175611e-02 3.605428e-02 1.229953e-11 1.197969e+01 
-3.125570e-02 3.005212e+00 3 -1.732758e-01 -1.068009e-03 1.790744e-02 -1.897545e-02 1.229953e-11 1.197969e+01 
0 2.994740e+00 3 -1.732779e-01 2.945374e-09 2.326397e-09 6.194431e-10 1.229953e-11 1.197969e+01 
3.125570e-02 3.005212e+00 3 -1.732758e-01 1.068003e-03 -1.790745e-02 1.897545e-02 1.229953e-11 1.197969e+01 
6.248086e-02 2.994720e+00 3 -1.732778e-01 5.701832e-03 4.175611e-02 -3.605428e-02 1.229953e-11 1.197969e+01 
9.364497e-02 3.005188e+00 3 -1.732756e-01 5.945452e-03 -5.220174e-02 5.814719e-02 1.229953e-11 1.197969e+01 
1.247176e-01 2.994637e+00 3 -1.732774e-01 1.758373e-02 8.930085e-02 -7.171712e-02 1.229953e-11 1.197969e+01 
1.556683e-01 3.005088e+00 3 -1.732748e-01 2.190650e-02 -7.980624e-02 1.017127e-01 1.229953e-11 1.197969e+01 
1.864670e-01 2.994403e+00 3 -1.732761e-01 4.788464e-02 1.531062e-01 -1.052216e-01 1.229953e-11 1.197969e+01 
2.170834e-01 3.004769e+00 3 -1.732726e-01 6.719590e-02 -8.815414e-02 1.553500e-01 1.229953e-11 1.197969e+01 
2.474878e-01 2.993787e+00 3 -1.732722e-01 1.234592e-01 2.549323e-01 -1.314731e-01 1.229953e-11 1.197969e+01 
2.776503e-01 3.003883e+00 3 -1.732661e-01 1.803426e-01 -4.944198e-02 2.297845e-01 1.229953e-11 1.197969e+01 
3.075416e-01 2.992277e+00 3 -1.732614e-01 2.979602e-01 4.372411e-01 -1.392808e-01 1.229953e-11 1.197969e+01 
3.371323e-01 3.001694e+00 3 -1.732486e-01 4.336465e-01 8.964873e-02 3.439978e-01 1.229953e-11 1.197969e+01 
3.663936e-01 2.988848e+00 3 -1.732334e-01 6.655696e-01 7.738569e-01 -1.082873e-01 1.229953e-11 1.197969e+01 
3.952970e-01 2.996820e+00 3 -1.732048e-01 9.454773e-01 4.174306e-01 5.280467e-01 1.229953e-11 1.197969e+01 
4.238141e-01 2.981687e+00 3 -1.731660e-01 1.369674e+00 1.376770e+00 -7.095685e-03 1.229953e-11 1.197969e+01 
4.519171e-01 2.986956e+00 3 -1.731036e-01 1.882833e+00 1.059255e+00 8.235788e-01 1.229953e-11 1.197969e+01 
4.795785e-01 2.967952e+00 3 -1.730168e-01 2.596906e+00 2.391446e+00 2.054603e-01 1.229953e-11 1.197969e+01 
5.067714e-01 2.968697e+00 3 -1.728883e-01 3.445010e+00 2.164677e+00 1.280334e+00 1.229953e-11 1.197969e+01 
5.334691e-01 2.943688e+00 3 -1.727120e-01 4.549625e+00 3.974666e+00 5.749596e-01 1.229953e-11 1.197969e+01 
5.596455e-01 2.937588e+00 3 -1.724655e-01 5.825494e+00 3.876719e+00 1.948775e+00 1.229953e-11 1.197969e+01 
5.852752e-01 2.904030e+00 3 -1.721364e-01 7.399363e+00 6.255951e+00 1.143412e+00 1.229953e-11 1.197969e+01 
6.103329e-01 2.888471e+00 3 -1.716968e-01 9.160533e+00 6.288895e+00 2.871639e+00 1.229953e-11 1.197969e+01 
6.347943e-01 2.843688e+00 3 -1.711280e-01 1.123506e+01 9.292735e+00 1.942320e+00 1.229953e-11 1.197969e+01 
6.586355e-01 2.816092e+00 3 -1.703972e-01 1.348195e+01 9.403402e+00 4.078548e+00 1.229953e-11 1.197969e+01 
6.818331e-01 2.757635e+00 3 -1.694814e-01 1.602501e+01 1.303444e+01 2.990574e+00 1.229953e-11 1.197969e+01 
7.043646e-01 2.715818e+00 3 -1.683455e-01 1.869190e+01 1.310523e+01 5.586665e+00 1.229953e-11 1.197969e+01 
7.262077e-01 2.641814e+00 3 -1.669652e-01 2.160668e+01 1.730794e+01 4.298740e+00 1.229953e-11 1.197969e+01 
7.473414e-01 2.584303e+00 3 -1.653076e-01 2.456824e+01 1.716082e+01 7.407419e+00 1.229953e-11 1.197969e+01 
7.677448e-01 2.493716e+00 3 -1.633518e-01 2.770678e+01 2.182843e+01 5.878354e+00 1.229953e-11 1.197969e+01 
7.873980e-01 2.419953e+00 3 -1.610723e-01 3.079743e+01 2.124071e+01 9.556724e+00 1.229953e-11 1.197969e+01 
8.062820e-01 2.312740e+00 3 -1.584574e-01 3.398399e+01 2.623087e+01 7.753128e+00 1.229953e-11 1.197969e+01 
8.243781e-01 2.223164e+00 3 -1.554945e-01 3.702347e+01 2.495828e+01 1.206519e+01 1.229953e-11 1.197969e+01 
8.416687e-01 2.100312e+00 3 -1.521861e-01 4.008083e+01 3.011170e+01 9.969129e+00 1.229953e-11 1.197969e+01 
8.581369e-01 1.996344e+00 3 -1.485375e-01 4.289968e+01 2.791402e+01 1.498566e+01 1.229953e-11 1.197969e+01 
8.737667e-01 1.859832e+00 3 -1.445698e-01 4.567259e+01 3.306990e+01 1.260269e+01 1.229953e-11 1.197969e+01 
8.885427e-01 1.743799e+00 3 -1.403088e-01 4.813265e+01 2.973554e+01 1.839711e+01 1.229953e-11 1.197969e+01 
9.024505e-01 1.596532e+00 3 -1.357961e-01 5.050494e+01 3.473810e+01 1.576683e+01 1.229953e-11 1.197969e+01 
9.154766e-01 1.471564e+00 3 -1.310792e-01 5.251256e+01 3.010747e+01 2.240509e+01 1.229953e-11 1.197969e+01 
9.276081e-01 1.317340e+00 3 -1.262192e-01 5.441660e+01 3.479813e+01 1.961847e+01 1.229953e-11 1.197969e+01 
9.388333e-01 1.187322e+00 3 -1.212828e-01 5.592833e+01 2.878990e+01 2.713843e+01 1.229953e-11 1.197969e+01 
9.491412e-01 1.030909e+00 3 -1.163473e-01 5.734755e+01 3.298037e+01 2.436719e+01 1.229953e-11 1.197969e+01 
9.585217e-01 9.005537e-01 3 -1.114935e-01 5.836941e+01 2.563366e+01 3.273576e+01 1.229953e-11 1.197969e+01 
9.669657e-01 7.480254e-01 3 -1.068084e-01 5.933554e+01 2.906042e+01 3.027513e+01 1.229953e-11 1.197969e+01 
9.744648e-01 6.232163e-01 3 -1.023792e-01 5.991786e+01 2.062363e+01 3.929423e+01 1.229953e-11 1.197969e+01 
9.810118e-01 4.827254e-01 3 -9.829396e-02 6.050513e+01 2.291362e+01 3.759151e+01 1.229953e-11 1.197969e+01 
9.866002e-01 3.713515e-01 3 -9.463671e-02 6.073440e+01 1.403983e+01 4.669457e+01 1.229953e-11 1.197969e+01 
9.912247e-01 2.544562e-01 3 -9.148634e-02 6.105295e+01 1.482701e+01 4.622594e+01 1.229953e-11 1.197969e+01 
9.948806e-01 1.677736e-01 3 -8.891296e-02 6.103880e+01 6.912431e+00 5.412637e+01 1.229953e-11 1.197969e+01 
9.975644e-01 9.029046e-02 3 -8.697577e-02 6.122896e+01 6.450910e+00 5.477805e+01 1.229953e-11 1.197969e+01 
9.992733e-01 4.341719e-02 3 -8.572056e-02 6.106268e+01 1.626365e+00 5.943632e+01 1.229953e-11 1.197969e+01 
1 2.124120e-02 3 -8.518152e-02 6.141635e+01 2.410413e+00 5.900594e+01 1.229953e-11 1.197969e+01 
