TITLE = "2 species of PNP-Steric with high order term" 
VARIABLES = "X" "Conc1" "Conc2" "phi" "Current_x""I_ext" "I_PNP" "CURRENT" "ENERGY" "
ZONE T="0.001", I=31
-1 3.643769e-01 3.642349e-01 -9.900347e-05 7.734712e-04 0 7.734712e-04 4.093177e-11 1.245313e+01 
-9.945219e-01 6.290755e-01 6.289482e-01 -9.896755e-05 6.292538e-03 0 6.292538e-03 4.093177e-11 1.245313e+01 
-9.781476e-01 1.308560e+00 1.308449e+00 -9.882942e-05 3.623450e-03 0 3.623450e-03 4.093177e-11 1.245313e+01 
-9.510565e-01 2.393770e+00 2.393793e+00 -9.879298e-05 3.869443e-03 0 3.869443e-03 4.093177e-11 1.245313e+01 
-9.135455e-01 2.725625e+00 2.725547e+00 -9.866250e-05 -7.966582e-04 0 -7.966582e-04 4.093177e-11 1.245313e+01 
-8.660254e-01 3.129204e+00 3.129273e+00 -9.876618e-05 1.562945e-03 0 1.562945e-03 4.093177e-11 1.245313e+01 
-8.090170e-01 2.865622e+00 2.865555e+00 -9.861188e-05 -1.262132e-03 0 -1.262132e-03 4.093177e-11 1.245313e+01 
-7.431448e-01 3.128628e+00 3.128691e+00 -9.876538e-05 1.330776e-03 0 1.330776e-03 4.093177e-11 1.245313e+01 
-6.691306e-01 2.876206e+00 2.876146e+00 -9.857763e-05 -1.017853e-03 0 -1.017853e-03 4.093177e-11 1.245313e+01 
-5.877853e-01 3.118336e+00 3.118392e+00 -9.876345e-05 9.888435e-04 0 9.888435e-04 4.093177e-11 1.245313e+01 
-5.000000e-01 2.885867e+00 2.885813e+00 -9.855558e-05 -7.079677e-04 0 -7.079677e-04 4.093177e-11 1.245313e+01 
-4.067366e-01 3.110289e+00 3.110341e+00 -9.876133e-05 6.318542e-04 0 6.318542e-04 4.093177e-11 1.245313e+01 
-3.090170e-01 2.892377e+00 2.892327e+00 -9.854264e-05 -4.097385e-04 0 -4.097385e-04 4.093177e-11 1.245313e+01 
-2.079117e-01 3.105521e+00 3.105571e+00 -9.875982e-05 3.049212e-04 0 3.049212e-04 4.093177e-11 1.245313e+01 
-1.045285e-01 2.895549e+00 2.895500e+00 -9.853668e-05 -1.335741e-04 0 -1.335741e-04 4.093177e-11 1.245313e+01 
-3.330669e-16 3.103965e+00 3.104013e+00 -9.875929e-05 1.244807e-10 0 1.244807e-10 4.093177e-11 1.245313e+01 
1.045285e-01 2.895549e+00 2.895500e+00 -9.853668e-05 1.335738e-04 0 1.335738e-04 4.093177e-11 1.245313e+01 
2.079117e-01 3.105521e+00 3.105571e+00 -9.875982e-05 -3.049209e-04 0 -3.049209e-04 4.093177e-11 1.245313e+01 
3.090170e-01 2.892377e+00 2.892327e+00 -9.854264e-05 4.097382e-04 0 4.097382e-04 4.093177e-11 1.245313e+01 
4.067366e-01 3.110289e+00 3.110341e+00 -9.876133e-05 -6.318538e-04 0 -6.318538e-04 4.093177e-11 1.245313e+01 
5.000000e-01 2.885867e+00 2.885813e+00 -9.855558e-05 7.079673e-04 0 7.079673e-04 4.093177e-11 1.245313e+01 
5.877853e-01 3.118336e+00 3.118392e+00 -9.876345e-05 -9.888431e-04 0 -9.888431e-04 4.093177e-11 1.245313e+01 
6.691306e-01 2.876206e+00 2.876146e+00 -9.857763e-05 1.017852e-03 0 1.017852e-03 4.093177e-11 1.245313e+01 
7.431448e-01 3.128628e+00 3.128691e+00 -9.876538e-05 -1.330775e-03 0 -1.330775e-03 4.093177e-11 1.245313e+01 
8.090170e-01 2.865622e+00 2.865555e+00 -9.861188e-05 1.262132e-03 0 1.262132e-03 4.093177e-11 1.245313e+01 
8.660254e-01 3.129204e+00 3.129273e+00 -9.876618e-05 -1.562944e-03 0 -1.562944e-03 4.093177e-11 1.245313e+01 
9.135455e-01 2.725625e+00 2.725547e+00 -9.866250e-05 7.966561e-04 0 7.966561e-04 4.093177e-11 1.245313e+01 
9.510565e-01 2.393770e+00 2.393793e+00 -9.879298e-05 -3.869439e-03 0 -3.869439e-03 4.093177e-11 1.245313e+01 
9.781476e-01 1.308560e+00 1.308449e+00 -9.882942e-05 -3.623456e-03 0 -3.623456e-03 4.093177e-11 1.245313e+01 
9.945219e-01 6.290755e-01 6.289482e-01 -9.896755e-05 -6.292535e-03 0 -6.292535e-03 4.093177e-11 1.245313e+01 
1 3.643769e-01 3.642349e-01 -9.900347e-05 -7.734644e-04 0 -7.734644e-04 4.093177e-11 1.245313e+01 
ZONE T="0.002", I=31
-1 3.626516e-01 3.625064e-01 -9.856495e-05 3.966484e-03 0 3.966484e-03 -5.203537e-11 1.216625e+01 
-9.945219e-01 5.520004e-01 5.518684e-01 -9.850661e-05 3.734698e-03 0 3.734698e-03 -5.203537e-11 1.216625e+01 
-9.781476e-01 1.051352e+00 1.051230e+00 -9.829537e-05 3.698040e-03 0 3.698040e-03 -5.203537e-11 1.216625e+01 
-9.510565e-01 1.909220e+00 1.909204e+00 -9.816727e-05 2.421981e-03 0 2.421981e-03 -5.203537e-11 1.216625e+01 
-9.135455e-01 2.457291e+00 2.457203e+00 -9.797897e-05 1.009177e-03 0 1.009177e-03 -5.203537e-11 1.216625e+01 
-8.660254e-01 3.013191e+00 3.013257e+00 -9.806076e-05 5.858035e-04 0 5.858035e-04 -5.203537e-11 1.216625e+01 
-8.090170e-01 2.887640e+00 2.887568e+00 -9.789370e-05 -2.603601e-04 0 -2.603601e-04 -5.203537e-11 1.216625e+01 
-7.431448e-01 3.105818e+00 3.105888e+00 -9.805827e-05 3.242273e-04 0 3.242273e-04 -5.203537e-11 1.216625e+01 
-6.691306e-01 2.893615e+00 2.893547e+00 -9.784612e-05 -3.385708e-04 0 -3.385708e-04 -5.203537e-11 1.216625e+01 
-5.877853e-01 3.105332e+00 3.105399e+00 -9.805960e-05 3.465678e-04 0 3.465678e-04 -5.203537e-11 1.216625e+01 
-5.000000e-01 2.895506e+00 2.895440e+00 -9.781017e-05 -2.953650e-04 0 -2.953650e-04 -5.203537e-11 1.216625e+01 
-4.067366e-01 3.103069e+00 3.103133e+00 -9.805948e-05 2.689515e-04 0 2.689515e-04 -5.203537e-11 1.216625e+01 
-3.090170e-01 2.897857e+00 2.897794e+00 -9.778692e-05 -1.929146e-04 0 -1.929146e-04 -5.203537e-11 1.216625e+01 
-2.079117e-01 3.101114e+00 3.101176e+00 -9.805889e-05 1.428072e-04 0 1.428072e-04 -5.203537e-11 1.216625e+01 
-1.045285e-01 2.899292e+00 2.899231e+00 -9.777564e-05 -6.631547e-05 0 -6.631547e-05 -5.203537e-11 1.216625e+01 
-3.330669e-16 3.100383e+00 3.100444e+00 -9.805861e-05 2.756711e-11 0 2.756711e-11 -5.203537e-11 1.216625e+01 
1.045285e-01 2.899292e+00 2.899231e+00 -9.777564e-05 6.631539e-05 0 6.631539e-05 -5.203537e-11 1.216625e+01 
2.079117e-01 3.101114e+00 3.101176e+00 -9.805889e-05 -1.428071e-04 0 -1.428071e-04 -5.203537e-11 1.216625e+01 
3.090170e-01 2.897857e+00 2.897794e+00 -9.778692e-05 1.929148e-04 0 1.929148e-04 -5.203537e-11 1.216625e+01 
4.067366e-01 3.103069e+00 3.103133e+00 -9.805948e-05 -2.689521e-04 0 -2.689521e-04 -5.203537e-11 1.216625e+01 
5.000000e-01 2.895506e+00 2.895440e+00 -9.781017e-05 2.953659e-04 0 2.953659e-04 -5.203537e-11 1.216625e+01 
5.877853e-01 3.105332e+00 3.105399e+00 -9.805960e-05 -3.465691e-04 0 -3.465691e-04 -5.203537e-11 1.216625e+01 
6.691306e-01 2.893615e+00 2.893547e+00 -9.784612e-05 3.385720e-04 0 3.385720e-04 -5.203537e-11 1.216625e+01 
7.431448e-01 3.105818e+00 3.105888e+00 -9.805827e-05 -3.242290e-04 0 -3.242290e-04 -5.203537e-11 1.216625e+01 
8.090170e-01 2.887640e+00 2.887568e+00 -9.789370e-05 2.603624e-04 0 2.603624e-04 -5.203537e-11 1.216625e+01 
8.660254e-01 3.013191e+00 3.013257e+00 -9.806076e-05 -5.858063e-04 0 -5.858063e-04 -5.203537e-11 1.216625e+01 
9.135455e-01 2.457291e+00 2.457203e+00 -9.797897e-05 -1.009175e-03 0 -1.009175e-03 -5.203537e-11 1.216625e+01 
9.510565e-01 1.909220e+00 1.909204e+00 -9.816727e-05 -2.421983e-03 0 -2.421983e-03 -5.203537e-11 1.216625e+01 
9.781476e-01 1.051352e+00 1.051230e+00 -9.829537e-05 -3.698035e-03 0 -3.698035e-03 -5.203537e-11 1.216625e+01 
9.945219e-01 5.520004e-01 5.518684e-01 -9.850661e-05 -3.734704e-03 0 -3.734704e-03 -5.203537e-11 1.216625e+01 
1 3.626516e-01 3.625064e-01 -9.856495e-05 -3.966496e-03 0 -3.966496e-03 -5.203537e-11 1.216625e+01 
ZONE T="0.003", I=31
-1 3.632474e-01 3.631014e-01 -9.822606e-05 4.642146e-03 0 4.642146e-03 1.044731e-11 1.194799e+01 
-9.945219e-01 5.169656e-01 5.168308e-01 -9.814831e-05 2.486267e-03 0 2.486267e-03 1.044731e-11 1.194799e+01 
-9.781476e-01 9.312200e-01 9.310931e-01 -9.788464e-05 3.371212e-03 0 3.371212e-03 1.044731e-11 1.194799e+01 
-9.510565e-01 1.650695e+00 1.650654e+00 -9.767543e-05 1.820975e-03 0 1.820975e-03 1.044731e-11 1.194799e+01 
-9.135455e-01 2.239927e+00 2.239837e+00 -9.742994e-05 1.747350e-03 0 1.747350e-03 1.044731e-11 1.194799e+01 
-8.660254e-01 2.857641e+00 2.857695e+00 -9.745846e-05 4.098754e-04 0 4.098754e-04 1.044731e-11 1.194799e+01 
-8.090170e-01 2.882957e+00 2.882889e+00 -9.729127e-05 2.099622e-04 0 2.099622e-04 1.044731e-11 1.194799e+01 
-7.431448e-01 3.079822e+00 3.079888e+00 -9.744348e-05 -9.241497e-05 0 -9.241497e-05 1.044731e-11 1.194799e+01 
-6.691306e-01 2.916081e+00 2.916015e+00 -9.724345e-05 1.460076e-05 0 1.460076e-05 1.044731e-11 1.194799e+01 
-5.877853e-01 3.084477e+00 3.084542e+00 -9.744806e-05 -1.813946e-06 0 -1.813946e-06 1.044731e-11 1.194799e+01 
-5.000000e-01 2.914804e+00 2.914739e+00 -9.720502e-05 -4.174370e-05 0 -4.174370e-05 1.044731e-11 1.194799e+01 
-4.067366e-01 3.085192e+00 3.085256e+00 -9.745126e-05 3.944070e-05 0 3.944070e-05 1.044731e-11 1.194799e+01 
-3.090170e-01 2.914646e+00 2.914583e+00 -9.717848e-05 -4.533625e-05 0 -4.533625e-05 1.044731e-11 1.194799e+01 
-2.079117e-01 3.085122e+00 3.085185e+00 -9.745280e-05 3.131316e-05 0 3.131316e-05 1.044731e-11 1.194799e+01 
-1.045285e-01 2.914819e+00 2.914757e+00 -9.716512e-05 -1.828322e-05 0 -1.828322e-05 1.044731e-11 1.194799e+01 
-3.330669e-16 3.085014e+00 3.085076e+00 -9.745323e-05 -7.071062e-11 0 -7.071062e-11 1.044731e-11 1.194799e+01 
1.045285e-01 2.914819e+00 2.914757e+00 -9.716512e-05 1.828288e-05 0 1.828288e-05 1.044731e-11 1.194799e+01 
2.079117e-01 3.085122e+00 3.085185e+00 -9.745280e-05 -3.131325e-05 0 -3.131325e-05 1.044731e-11 1.194799e+01 
3.090170e-01 2.914646e+00 2.914583e+00 -9.717848e-05 4.533789e-05 0 4.533789e-05 1.044731e-11 1.194799e+01 
4.067366e-01 3.085192e+00 3.085256e+00 -9.745126e-05 -3.944264e-05 0 -3.944264e-05 1.044731e-11 1.194799e+01 
5.000000e-01 2.914804e+00 2.914739e+00 -9.720502e-05 4.174458e-05 0 4.174458e-05 1.044731e-11 1.194799e+01 
5.877853e-01 3.084477e+00 3.084542e+00 -9.744806e-05 1.814299e-06 0 1.814299e-06 1.044731e-11 1.194799e+01 
6.691306e-01 2.916081e+00 2.916015e+00 -9.724345e-05 -1.460391e-05 0 -1.460391e-05 1.044731e-11 1.194799e+01 
7.431448e-01 3.079822e+00 3.079888e+00 -9.744348e-05 9.242102e-05 0 9.242102e-05 1.044731e-11 1.194799e+01 
8.090170e-01 2.882957e+00 2.882889e+00 -9.729127e-05 -2.099655e-04 0 -2.099655e-04 1.044731e-11 1.194799e+01 
8.660254e-01 2.857641e+00 2.857695e+00 -9.745846e-05 -4.098759e-04 0 -4.098759e-04 1.044731e-11 1.194799e+01 
9.135455e-01 2.239927e+00 2.239837e+00 -9.742994e-05 -1.747351e-03 0 -1.747351e-03 1.044731e-11 1.194799e+01 
9.510565e-01 1.650695e+00 1.650654e+00 -9.767543e-05 -1.820973e-03 0 -1.820973e-03 1.044731e-11 1.194799e+01 
9.781476e-01 9.312200e-01 9.310931e-01 -9.788464e-05 -3.371211e-03 0 -3.371211e-03 1.044731e-11 1.194799e+01 
9.945219e-01 5.169656e-01 5.168308e-01 -9.814831e-05 -2.486270e-03 0 -2.486270e-03 1.044731e-11 1.194799e+01 
1 3.632474e-01 3.631014e-01 -9.822606e-05 -4.642148e-03 0 -4.642148e-03 1.044731e-11 1.194799e+01 
ZONE T="0.004", I=31
-1 3.641520e-01 3.640061e-01 -9.795064e-05 4.597679e-03 0 4.597679e-03 9.990539e-11 1.176568e+01 
-9.945219e-01 4.963873e-01 4.962509e-01 -9.785611e-05 1.853287e-03 0 1.853287e-03 9.990539e-11 1.176568e+01 
-9.781476e-01 8.596051e-01 8.594760e-01 -9.755164e-05 3.035547e-03 0 3.035547e-03 9.990539e-11 1.176568e+01 
-9.510565e-01 1.486991e+00 1.486932e+00 -9.727044e-05 1.531866e-03 0 1.531866e-03 9.990539e-11 1.176568e+01 
-9.135455e-01 2.075699e+00 2.075609e+00 -9.696759e-05 2.012312e-03 0 2.012312e-03 9.990539e-11 1.176568e+01 
-8.660254e-01 2.705251e+00 2.705288e+00 -9.692888e-05 4.007993e-04 0 4.007993e-04 9.990539e-11 1.176568e+01 
-8.090170e-01 2.851646e+00 2.851584e+00 -9.675879e-05 4.679507e-04 0 4.679507e-04 9.990539e-11 1.176568e+01 
-7.431448e-01 3.052848e+00 3.052906e+00 -9.688903e-05 -2.260068e-04 0 -2.260068e-04 9.990539e-11 1.176568e+01 
-6.691306e-01 2.934263e+00 2.934204e+00 -9.671100e-05 1.778024e-04 0 1.778024e-04 9.990539e-11 1.176568e+01 
-5.877853e-01 3.066062e+00 3.066120e+00 -9.689449e-05 -1.600991e-04 0 -1.600991e-04 9.990539e-11 1.176568e+01 
-5.000000e-01 2.932756e+00 2.932697e+00 -9.667519e-05 9.134912e-05 0 9.134912e-05 9.990539e-11 1.176568e+01 
-4.067366e-01 3.067802e+00 3.067860e+00 -9.689999e-05 -7.884584e-05 0 -7.884584e-05 9.990539e-11 1.176568e+01 
-3.090170e-01 2.931568e+00 2.931510e+00 -9.664930e-05 3.876808e-05 0 3.876808e-05 9.990539e-11 1.176568e+01 
-2.079117e-01 3.068600e+00 3.068658e+00 -9.690331e-05 -3.020510e-05 0 -3.020510e-05 9.990539e-11 1.176568e+01 
-1.045285e-01 2.931116e+00 2.931058e+00 -9.663591e-05 1.015967e-05 0 1.015967e-05 9.990539e-11 1.176568e+01 
-3.330669e-16 3.068813e+00 3.068871e+00 -9.690439e-05 8.573186e-10 0 8.573186e-10 9.990539e-11 1.176568e+01 
1.045285e-01 2.931116e+00 2.931058e+00 -9.663591e-05 -1.016105e-05 0 -1.016105e-05 9.990539e-11 1.176568e+01 
2.079117e-01 3.068600e+00 3.068658e+00 -9.690331e-05 3.020493e-05 0 3.020493e-05 9.990539e-11 1.176568e+01 
3.090170e-01 2.931568e+00 2.931510e+00 -9.664930e-05 -3.876633e-05 0 -3.876633e-05 9.990539e-11 1.176568e+01 
4.067366e-01 3.067802e+00 3.067860e+00 -9.689999e-05 7.884447e-05 0 7.884447e-05 9.990539e-11 1.176568e+01 
5.000000e-01 2.932756e+00 2.932697e+00 -9.667519e-05 -9.134895e-05 0 -9.134895e-05 9.990539e-11 1.176568e+01 
5.877853e-01 3.066062e+00 3.066120e+00 -9.689449e-05 1.601005e-04 0 1.601005e-04 9.990539e-11 1.176568e+01 
6.691306e-01 2.934263e+00 2.934204e+00 -9.671100e-05 -1.778085e-04 0 -1.778085e-04 9.990539e-11 1.176568e+01 
7.431448e-01 3.052848e+00 3.052906e+00 -9.688903e-05 2.260193e-04 0 2.260193e-04 9.990539e-11 1.176568e+01 
8.090170e-01 2.851646e+00 2.851584e+00 -9.675879e-05 -4.679606e-04 0 -4.679606e-04 9.990539e-11 1.176568e+01 
8.660254e-01 2.705251e+00 2.705288e+00 -9.692888e-05 -4.007963e-04 0 -4.007963e-04 9.990539e-11 1.176568e+01 
9.135455e-01 2.075699e+00 2.075609e+00 -9.696759e-05 -2.012316e-03 0 -2.012316e-03 9.990539e-11 1.176568e+01 
9.510565e-01 1.486991e+00 1.486932e+00 -9.727044e-05 -1.531855e-03 0 -1.531855e-03 9.990539e-11 1.176568e+01 
9.781476e-01 8.596051e-01 8.594760e-01 -9.755164e-05 -3.035560e-03 0 -3.035560e-03 9.990539e-11 1.176568e+01 
9.945219e-01 4.963873e-01 4.962509e-01 -9.785611e-05 -1.853281e-03 0 -1.853281e-03 9.990539e-11 1.176568e+01 
1 3.641520e-01 3.640061e-01 -9.795064e-05 -4.597654e-03 0 -4.597654e-03 9.990539e-11 1.176568e+01 
ZONE T="0.005", I=31
-1 3.649809e-01 3.648353e-01 -9.771550e-05 4.298143e-03 0 4.298143e-03 -1.447162e-11 1.160621e+01 
-9.945219e-01 4.825950e-01 4.824578e-01 -9.760620e-05 1.527075e-03 0 1.527075e-03 -1.447162e-11 1.160621e+01 
-9.781476e-01 8.109100e-01 8.107803e-01 -9.726765e-05 2.738632e-03 0 2.738632e-03 -1.447162e-11 1.160621e+01 
-9.510565e-01 1.372616e+00 1.372545e+00 -9.692165e-05 1.381427e-03 0 1.381427e-03 -1.447162e-11 1.160621e+01 
-9.135455e-01 1.947770e+00 1.947682e+00 -9.656221e-05 2.045771e-03 0 2.045771e-03 -1.447162e-11 1.160621e+01 
-8.660254e-01 2.568515e+00 2.568536e+00 -9.645206e-05 4.366032e-04 0 4.366032e-04 -1.447162e-11 1.160621e+01 
-8.090170e-01 2.804645e+00 2.804588e+00 -9.627310e-05 6.251606e-04 0 6.251606e-04 -1.447162e-11 1.160621e+01 
-7.431448e-01 3.022282e+00 3.022331e+00 -9.637543e-05 -2.343544e-04 0 -2.343544e-04 -1.447162e-11 1.160621e+01 
-6.691306e-01 2.947060e+00 2.947009e+00 -9.622012e-05 2.444458e-04 0 2.444458e-04 -1.447162e-11 1.160621e+01 
-5.877853e-01 3.051130e+00 3.051181e+00 -9.637910e-05 -2.189370e-04 0 -2.189370e-04 -1.447162e-11 1.160621e+01 
-5.000000e-01 2.947588e+00 2.947537e+00 -9.618843e-05 1.516763e-04 0 1.516763e-04 -1.447162e-11 1.160621e+01 
-4.067366e-01 3.053101e+00 3.053152e+00 -9.638550e-05 -1.307510e-04 0 -1.307510e-04 -1.447162e-11 1.160621e+01 
-3.090170e-01 2.946135e+00 2.946083e+00 -9.616487e-05 8.069891e-05 0 8.069891e-05 -1.447162e-11 1.160621e+01 
-2.079117e-01 3.054189e+00 3.054240e+00 -9.638977e-05 -5.945155e-05 0 -5.945155e-05 -1.447162e-11 1.160621e+01 
-1.045285e-01 2.945447e+00 2.945396e+00 -9.615242e-05 2.496466e-05 0 2.496466e-05 -1.447162e-11 1.160621e+01 
-3.330669e-16 3.054530e+00 3.054581e+00 -9.639123e-05 -4.426393e-10 0 -4.426393e-10 -1.447162e-11 1.160621e+01 
1.045285e-01 2.945447e+00 2.945396e+00 -9.615242e-05 -2.496426e-05 0 -2.496426e-05 -1.447162e-11 1.160621e+01 
2.079117e-01 3.054189e+00 3.054240e+00 -9.638977e-05 5.945135e-05 0 5.945135e-05 -1.447162e-11 1.160621e+01 
3.090170e-01 2.946135e+00 2.946083e+00 -9.616487e-05 -8.069869e-05 0 -8.069869e-05 -1.447162e-11 1.160621e+01 
4.067366e-01 3.053101e+00 3.053152e+00 -9.638550e-05 1.307514e-04 0 1.307514e-04 -1.447162e-11 1.160621e+01 
5.000000e-01 2.947588e+00 2.947537e+00 -9.618843e-05 -1.516762e-04 0 -1.516762e-04 -1.447162e-11 1.160621e+01 
5.877853e-01 3.051130e+00 3.051181e+00 -9.637910e-05 2.189353e-04 0 2.189353e-04 -1.447162e-11 1.160621e+01 
6.691306e-01 2.947060e+00 2.947009e+00 -9.622012e-05 -2.444447e-04 0 -2.444447e-04 -1.447162e-11 1.160621e+01 
7.431448e-01 3.022282e+00 3.022331e+00 -9.637543e-05 2.343558e-04 0 2.343558e-04 -1.447162e-11 1.160621e+01 
8.090170e-01 2.804645e+00 2.804588e+00 -9.627310e-05 -6.251617e-04 0 -6.251617e-04 -1.447162e-11 1.160621e+01 
8.660254e-01 2.568515e+00 2.568536e+00 -9.645206e-05 -4.366036e-04 0 -4.366036e-04 -1.447162e-11 1.160621e+01 
9.135455e-01 1.947770e+00 1.947682e+00 -9.656221e-05 -2.045772e-03 0 -2.045772e-03 -1.447162e-11 1.160621e+01 
9.510565e-01 1.372616e+00 1.372545e+00 -9.692165e-05 -1.381429e-03 0 -1.381429e-03 -1.447162e-11 1.160621e+01 
9.781476e-01 8.109100e-01 8.107803e-01 -9.726765e-05 -2.738627e-03 0 -2.738627e-03 -1.447162e-11 1.160621e+01 
9.945219e-01 4.825950e-01 4.824578e-01 -9.760620e-05 -1.527077e-03 0 -1.527077e-03 -1.447162e-11 1.160621e+01 
1 3.649809e-01 3.648353e-01 -9.771550e-05 -4.298150e-03 0 -4.298150e-03 -1.447162e-11 1.160621e+01 
ZONE T="0.006", I=31
-1 3.656613e-01 3.655162e-01 -9.750739e-05 3.911428e-03 0 3.911428e-03 7.372940e-12 1.146281e+01 
-9.945219e-01 4.725522e-01 4.724145e-01 -9.738487e-05 1.355299e-03 0 1.355299e-03 7.372940e-12 1.146281e+01 
-9.781476e-01 7.749273e-01 7.747976e-01 -9.701638e-05 2.479065e-03 0 2.479065e-03 7.372940e-12 1.146281e+01 
-9.510565e-01 1.287260e+00 1.287180e+00 -9.661142e-05 1.295672e-03 0 1.295672e-03 7.372940e-12 1.146281e+01 
-9.135455e-01 1.844549e+00 1.844462e+00 -9.619697e-05 1.972169e-03 0 1.972169e-03 7.372940e-12 1.146281e+01 
-8.660254e-01 2.449124e+00 2.449130e+00 -9.601601e-05 4.875214e-04 0 4.875214e-04 7.372940e-12 1.146281e+01 
-8.090170e-01 2.749892e+00 2.749840e+00 -9.582171e-05 7.208664e-04 0 7.208664e-04 7.372940e-12 1.146281e+01 
-7.431448e-01 2.987856e+00 2.987897e+00 -9.589207e-05 -1.893902e-04 0 -1.893902e-04 7.372940e-12 1.146281e+01 
-6.691306e-01 2.954269e+00 2.954225e+00 -9.575667e-05 2.651045e-04 0 2.651045e-04 7.372940e-12 1.146281e+01 
-5.877853e-01 3.039156e+00 3.039199e+00 -9.589134e-05 -2.280191e-04 0 -2.280191e-04 7.372940e-12 1.146281e+01 
-5.000000e-01 2.959339e+00 2.959296e+00 -9.572893e-05 1.710566e-04 0 1.710566e-04 7.372940e-12 1.146281e+01 
-4.067366e-01 3.041284e+00 3.041328e+00 -9.589754e-05 -1.463654e-04 0 -1.463654e-04 7.372940e-12 1.146281e+01 
-3.090170e-01 2.957972e+00 2.957928e+00 -9.570816e-05 9.708748e-05 0 9.708748e-05 7.372940e-12 1.146281e+01 
-2.079117e-01 3.042377e+00 3.042421e+00 -9.590201e-05 -6.998358e-05 0 -6.998358e-05 7.372940e-12 1.146281e+01 
-1.045285e-01 2.957252e+00 2.957208e+00 -9.569702e-05 3.120977e-05 0 3.120977e-05 7.372940e-12 1.146281e+01 
-3.330669e-16 3.042742e+00 3.042786e+00 -9.590359e-05 -5.159527e-10 0 -5.159527e-10 7.372940e-12 1.146281e+01 
1.045285e-01 2.957252e+00 2.957208e+00 -9.569702e-05 -3.120909e-05 0 -3.120909e-05 7.372940e-12 1.146281e+01 
2.079117e-01 3.042377e+00 3.042421e+00 -9.590201e-05 6.998286e-05 0 6.998286e-05 7.372940e-12 1.146281e+01 
3.090170e-01 2.957972e+00 2.957928e+00 -9.570816e-05 -9.708656e-05 0 -9.708656e-05 7.372940e-12 1.146281e+01 
4.067366e-01 3.041284e+00 3.041328e+00 -9.589754e-05 1.463649e-04 0 1.463649e-04 7.372940e-12 1.146281e+01 
5.000000e-01 2.959339e+00 2.959296e+00 -9.572893e-05 -1.710559e-04 0 -1.710559e-04 7.372940e-12 1.146281e+01 
5.877853e-01 3.039156e+00 3.039199e+00 -9.589134e-05 2.280174e-04 0 2.280174e-04 7.372940e-12 1.146281e+01 
6.691306e-01 2.954269e+00 2.954225e+00 -9.575667e-05 -2.651031e-04 0 -2.651031e-04 7.372940e-12 1.146281e+01 
7.431448e-01 2.987856e+00 2.987897e+00 -9.589207e-05 1.893905e-04 0 1.893905e-04 7.372940e-12 1.146281e+01 
8.090170e-01 2.749892e+00 2.749840e+00 -9.582171e-05 -7.208664e-04 0 -7.208664e-04 7.372940e-12 1.146281e+01 
8.660254e-01 2.449124e+00 2.449130e+00 -9.601601e-05 -4.875219e-04 0 -4.875219e-04 7.372940e-12 1.146281e+01 
9.135455e-01 1.844549e+00 1.844462e+00 -9.619697e-05 -1.972169e-03 0 -1.972169e-03 7.372940e-12 1.146281e+01 
9.510565e-01 1.287260e+00 1.287180e+00 -9.661142e-05 -1.295675e-03 0 -1.295675e-03 7.372940e-12 1.146281e+01 
9.781476e-01 7.749273e-01 7.747976e-01 -9.701638e-05 -2.479062e-03 0 -2.479062e-03 7.372940e-12 1.146281e+01 
9.945219e-01 4.725522e-01 4.724145e-01 -9.738487e-05 -1.355298e-03 0 -1.355298e-03 7.372940e-12 1.146281e+01 
1 3.656613e-01 3.655162e-01 -9.750739e-05 -3.911430e-03 0 -3.911430e-03 7.372940e-12 1.146281e+01 
ZONE T="0.007", I=31
-1 3.661975e-01 3.660528e-01 -9.731889e-05 3.510099e-03 0 3.510099e-03 7.343232e-12 1.133146e+01 
-9.945219e-01 4.648143e-01 4.646763e-01 -9.718440e-05 1.260796e-03 0 1.260796e-03 7.343232e-12 1.133146e+01 
-9.781476e-01 7.468021e-01 7.466725e-01 -9.678872e-05 2.251475e-03 0 2.251475e-03 7.343232e-12 1.133146e+01 
-9.510565e-01 1.220537e+00 1.220451e+00 -9.632973e-05 1.241212e-03 0 1.241212e-03 7.343232e-12 1.133146e+01 
-9.135455e-01 1.758938e+00 1.758852e+00 -9.586222e-05 1.855884e-03 0 1.855884e-03 7.343232e-12 1.133146e+01 
-8.660254e-01 2.345420e+00 2.345413e+00 -9.561312e-05 5.420549e-04 0 5.420549e-04 7.343232e-12 1.133146e+01 
-8.090170e-01 2.692133e+00 2.692085e+00 -9.539754e-05 7.736384e-04 0 7.736384e-04 7.343232e-12 1.133146e+01 
-7.431448e-01 2.950469e+00 2.950501e+00 -9.543333e-05 -1.240329e-04 0 -1.240329e-04 7.343232e-12 1.133146e+01 
-6.691306e-01 2.956090e+00 2.956053e+00 -9.531362e-05 2.655311e-04 0 2.655311e-04 7.343232e-12 1.133146e+01 
-5.877853e-01 3.029291e+00 3.029327e+00 -9.542557e-05 -2.127757e-04 0 -2.127757e-04 7.343232e-12 1.133146e+01 
-5.000000e-01 2.968447e+00 2.968410e+00 -9.528889e-05 1.685486e-04 0 1.685486e-04 7.343232e-12 1.133146e+01 
-4.067366e-01 3.032003e+00 3.032040e+00 -9.543087e-05 -1.431515e-04 0 -1.431515e-04 7.343232e-12 1.133146e+01 
-3.090170e-01 2.967332e+00 2.967295e+00 -9.527084e-05 9.885630e-05 0 9.885630e-05 7.343232e-12 1.133146e+01 
-2.079117e-01 3.032981e+00 3.033018e+00 -9.543502e-05 -7.028055e-05 0 -7.028055e-05 7.343232e-12 1.133146e+01 
-1.045285e-01 2.966675e+00 2.966637e+00 -9.526105e-05 3.239849e-05 0 3.239849e-05 7.343232e-12 1.133146e+01 
-3.330669e-16 3.033321e+00 3.033359e+00 -9.543653e-05 -4.644037e-10 0 -4.644037e-10 7.343232e-12 1.133146e+01 
1.045285e-01 2.966675e+00 2.966637e+00 -9.526105e-05 -3.239796e-05 0 -3.239796e-05 7.343232e-12 1.133146e+01 
2.079117e-01 3.032981e+00 3.033018e+00 -9.543502e-05 7.028007e-05 0 7.028007e-05 7.343232e-12 1.133146e+01 
3.090170e-01 2.967332e+00 2.967295e+00 -9.527084e-05 -9.885555e-05 0 -9.885555e-05 7.343232e-12 1.133146e+01 
4.067366e-01 3.032003e+00 3.032040e+00 -9.543087e-05 1.431513e-04 0 1.431513e-04 7.343232e-12 1.133146e+01 
5.000000e-01 2.968447e+00 2.968410e+00 -9.528889e-05 -1.685489e-04 0 -1.685489e-04 7.343232e-12 1.133146e+01 
5.877853e-01 3.029291e+00 3.029327e+00 -9.542557e-05 2.127753e-04 0 2.127753e-04 7.343232e-12 1.133146e+01 
6.691306e-01 2.956090e+00 2.956053e+00 -9.531362e-05 -2.655307e-04 0 -2.655307e-04 7.343232e-12 1.133146e+01 
7.431448e-01 2.950469e+00 2.950501e+00 -9.543333e-05 1.240338e-04 0 1.240338e-04 7.343232e-12 1.133146e+01 
8.090170e-01 2.692133e+00 2.692085e+00 -9.539754e-05 -7.736392e-04 0 -7.736392e-04 7.343232e-12 1.133146e+01 
8.660254e-01 2.345420e+00 2.345413e+00 -9.561312e-05 -5.420542e-04 0 -5.420542e-04 7.343232e-12 1.133146e+01 
9.135455e-01 1.758938e+00 1.758852e+00 -9.586222e-05 -1.855885e-03 0 -1.855885e-03 7.343232e-12 1.133146e+01 
9.510565e-01 1.220537e+00 1.220451e+00 -9.632973e-05 -1.241210e-03 0 -1.241210e-03 7.343232e-12 1.133146e+01 
9.781476e-01 7.468021e-01 7.466725e-01 -9.678872e-05 -2.251478e-03 0 -2.251478e-03 7.343232e-12 1.133146e+01 
9.945219e-01 4.648143e-01 4.646763e-01 -9.718440e-05 -1.260795e-03 0 -1.260795e-03 7.343232e-12 1.133146e+01 
1 3.661975e-01 3.660528e-01 -9.731889e-05 -3.510094e-03 0 -3.510094e-03 7.343232e-12 1.133146e+01 
ZONE T="0.008", I=31
-1 3.666122e-01 3.664680e-01 -9.714557e-05 3.128437e-03 0 3.128437e-03 1.032462e-12 1.120957e+01 
-9.945219e-01 4.586023e-01 4.584642e-01 -9.700016e-05 1.204459e-03 0 1.204459e-03 1.032462e-12 1.120957e+01 
-9.781476e-01 7.239209e-01 7.237917e-01 -9.657926e-05 2.051982e-03 0 2.051982e-03 1.032462e-12 1.120957e+01 
-9.510565e-01 1.166548e+00 1.166457e+00 -9.607049e-05 1.201977e-03 0 1.201977e-03 1.032462e-12 1.120957e+01 
-9.135455e-01 1.686395e+00 1.686310e+00 -9.555200e-05 1.729356e-03 0 1.729356e-03 1.032462e-12 1.120957e+01 
-8.660254e-01 2.255018e+00 2.255001e+00 -9.523810e-05 5.934532e-04 0 5.934532e-04 1.032462e-12 1.120957e+01 
-8.090170e-01 2.634093e+00 2.634048e+00 -9.499624e-05 7.965775e-04 0 7.965775e-04 1.032462e-12 1.120957e+01 
-7.431448e-01 2.911238e+00 2.911262e+00 -9.499598e-05 -5.407385e-05 0 -5.407385e-05 1.032462e-12 1.120957e+01 
-6.691306e-01 2.953019e+00 2.952988e+00 -9.488728e-05 2.586193e-04 0 2.586193e-04 1.032462e-12 1.120957e+01 
-5.877853e-01 3.020706e+00 3.020736e+00 -9.497850e-05 -1.865042e-04 0 -1.865042e-04 1.032462e-12 1.120957e+01 
-5.000000e-01 2.975373e+00 2.975342e+00 -9.486422e-05 1.554583e-04 0 1.554583e-04 1.032462e-12 1.120957e+01 
-4.067366e-01 3.024795e+00 3.024826e+00 -9.498247e-05 -1.310260e-04 0 -1.310260e-04 1.032462e-12 1.120957e+01 
-3.090170e-01 2.974631e+00 2.974600e+00 -9.484860e-05 9.290123e-05 0 9.290123e-05 1.032462e-12 1.120957e+01 
-2.079117e-01 3.025624e+00 3.025656e+00 -9.498601e-05 -6.542324e-05 0 -6.542324e-05 1.032462e-12 1.120957e+01 
-1.045285e-01 2.974070e+00 2.974038e+00 -9.484007e-05 3.082114e-05 0 3.082114e-05 1.032462e-12 1.120957e+01 
-3.330669e-16 3.025919e+00 3.025951e+00 -9.498734e-05 -5.790301e-10 0 -5.790301e-10 1.032462e-12 1.120957e+01 
1.045285e-01 2.974070e+00 2.974038e+00 -9.484007e-05 -3.082045e-05 0 -3.082045e-05 1.032462e-12 1.120957e+01 
2.079117e-01 3.025624e+00 3.025656e+00 -9.498601e-05 6.542285e-05 0 6.542285e-05 1.032462e-12 1.120957e+01 
3.090170e-01 2.974631e+00 2.974600e+00 -9.484860e-05 -9.290099e-05 0 -9.290099e-05 1.032462e-12 1.120957e+01 
4.067366e-01 3.024795e+00 3.024826e+00 -9.498247e-05 1.310268e-04 0 1.310268e-04 1.032462e-12 1.120957e+01 
5.000000e-01 2.975373e+00 2.975342e+00 -9.486422e-05 -1.554594e-04 0 -1.554594e-04 1.032462e-12 1.120957e+01 
5.877853e-01 3.020706e+00 3.020736e+00 -9.497850e-05 1.865038e-04 0 1.865038e-04 1.032462e-12 1.120957e+01 
6.691306e-01 2.953019e+00 2.952988e+00 -9.488728e-05 -2.586178e-04 0 -2.586178e-04 1.032462e-12 1.120957e+01 
7.431448e-01 2.911238e+00 2.911262e+00 -9.499598e-05 5.407261e-05 0 5.407261e-05 1.032462e-12 1.120957e+01 
8.090170e-01 2.634093e+00 2.634048e+00 -9.499624e-05 -7.965771e-04 0 -7.965771e-04 1.032462e-12 1.120957e+01 
8.660254e-01 2.255018e+00 2.255001e+00 -9.523810e-05 -5.934520e-04 0 -5.934520e-04 1.032462e-12 1.120957e+01 
9.135455e-01 1.686395e+00 1.686310e+00 -9.555200e-05 -1.729356e-03 0 -1.729356e-03 1.032462e-12 1.120957e+01 
9.510565e-01 1.166548e+00 1.166457e+00 -9.607049e-05 -1.201977e-03 0 -1.201977e-03 1.032462e-12 1.120957e+01 
9.781476e-01 7.239209e-01 7.237917e-01 -9.657926e-05 -2.051983e-03 0 -2.051983e-03 1.032462e-12 1.120957e+01 
9.945219e-01 4.586023e-01 4.584642e-01 -9.700016e-05 -1.204459e-03 0 -1.204459e-03 1.032462e-12 1.120957e+01 
1 3.666122e-01 3.664680e-01 -9.714557e-05 -3.128438e-03 0 -3.128438e-03 1.032462e-12 1.120957e+01 
ZONE T="0.009", I=31
-1 3.669300e-01 3.667862e-01 -9.698465e-05 2.782160e-03 0 2.782160e-03 -3.599250e-12 1.109536e+01 
-9.945219e-01 4.534645e-01 4.533262e-01 -9.682921e-05 1.166653e-03 0 1.166653e-03 -3.599250e-12 1.109536e+01 
-9.781476e-01 7.047695e-01 7.046404e-01 -9.638463e-05 1.877859e-03 0 1.877859e-03 -3.599250e-12 1.109536e+01 
-9.510565e-01 1.121718e+00 1.121623e+00 -9.582976e-05 1.170199e-03 0 1.170199e-03 -3.599250e-12 1.109536e+01 
-9.135455e-01 1.623890e+00 1.623805e+00 -9.526230e-05 1.607197e-03 0 1.607197e-03 -3.599250e-12 1.109536e+01 
-8.660254e-01 2.175664e+00 2.175638e+00 -9.488696e-05 6.382156e-04 0 6.382156e-04 -3.599250e-12 1.109536e+01 
-8.090170e-01 2.577276e+00 2.577234e+00 -9.461488e-05 7.995674e-04 0 7.995674e-04 -3.599250e-12 1.109536e+01 
-7.431448e-01 2.871134e+00 2.871151e+00 -9.457791e-05 1.322922e-05 0 1.322922e-05 -3.599250e-12 1.109536e+01 
-6.691306e-01 2.945708e+00 2.945682e+00 -9.447556e-05 2.502376e-04 0 2.502376e-04 -3.599250e-12 1.109536e+01 
-5.877853e-01 3.012716e+00 3.012740e+00 -9.454796e-05 -1.560427e-04 0 -1.560427e-04 -3.599250e-12 1.109536e+01 
-5.000000e-01 2.980498e+00 2.980472e+00 -9.445261e-05 1.382261e-04 0 1.382261e-04 -3.599250e-12 1.109536e+01 
-4.067366e-01 3.019215e+00 3.019241e+00 -9.455033e-05 -1.153913e-04 0 -1.153913e-04 -3.599250e-12 1.109536e+01 
-3.090170e-01 2.980280e+00 2.980255e+00 -9.443906e-05 8.335592e-05 0 8.335592e-05 -3.599250e-12 1.109536e+01 
-2.079117e-01 3.019913e+00 3.019939e+00 -9.455313e-05 -5.831838e-05 0 -5.831838e-05 -3.599250e-12 1.109536e+01 
-1.045285e-01 2.979821e+00 2.979795e+00 -9.443164e-05 2.789040e-05 0 2.789040e-05 -3.599250e-12 1.109536e+01 
-3.330669e-16 3.020159e+00 3.020185e+00 -9.455421e-05 2.329704e-11 0 2.329704e-11 -3.599250e-12 1.109536e+01 
1.045285e-01 2.979821e+00 2.979795e+00 -9.443164e-05 -2.789037e-05 0 -2.789037e-05 -3.599250e-12 1.109536e+01 
2.079117e-01 3.019913e+00 3.019939e+00 -9.455313e-05 5.831749e-05 0 5.831749e-05 -3.599250e-12 1.109536e+01 
3.090170e-01 2.980280e+00 2.980255e+00 -9.443906e-05 -8.335425e-05 0 -8.335425e-05 -3.599250e-12 1.109536e+01 
4.067366e-01 3.019215e+00 3.019241e+00 -9.455033e-05 1.153900e-04 0 1.153900e-04 -3.599250e-12 1.109536e+01 
5.000000e-01 2.980498e+00 2.980472e+00 -9.445261e-05 -1.382255e-04 0 -1.382255e-04 -3.599250e-12 1.109536e+01 
5.877853e-01 3.012716e+00 3.012740e+00 -9.454796e-05 1.560423e-04 0 1.560423e-04 -3.599250e-12 1.109536e+01 
6.691306e-01 2.945708e+00 2.945682e+00 -9.447556e-05 -2.502376e-04 0 -2.502376e-04 -3.599250e-12 1.109536e+01 
7.431448e-01 2.871134e+00 2.871151e+00 -9.457791e-05 -1.322895e-05 0 -1.322895e-05 -3.599250e-12 1.109536e+01 
8.090170e-01 2.577276e+00 2.577234e+00 -9.461488e-05 -7.995672e-04 0 -7.995672e-04 -3.599250e-12 1.109536e+01 
8.660254e-01 2.175664e+00 2.175638e+00 -9.488696e-05 -6.382158e-04 0 -6.382158e-04 -3.599250e-12 1.109536e+01 
9.135455e-01 1.623890e+00 1.623805e+00 -9.526230e-05 -1.607197e-03 0 -1.607197e-03 -3.599250e-12 1.109536e+01 
9.510565e-01 1.121718e+00 1.121623e+00 -9.582976e-05 -1.170200e-03 0 -1.170200e-03 -3.599250e-12 1.109536e+01 
9.781476e-01 7.047695e-01 7.046404e-01 -9.638463e-05 -1.877860e-03 0 -1.877860e-03 -3.599250e-12 1.109536e+01 
9.945219e-01 4.534645e-01 4.533262e-01 -9.682921e-05 -1.166653e-03 0 -1.166653e-03 -3.599250e-12 1.109536e+01 
1 3.669300e-01 3.667862e-01 -9.698465e-05 -2.782161e-03 0 -2.782161e-03 -3.599250e-12 1.109536e+01 
ZONE T="0.01", I=31
-1 3.671722e-01 3.670288e-01 -9.683415e-05 2.476894e-03 0 2.476894e-03 -2.875478e-12 1.098754e+01 
-9.945219e-01 4.491187e-01 4.489804e-01 -9.666946e-05 1.137571e-03 0 1.137571e-03 -2.875478e-12 1.098754e+01 
-9.781476e-01 6.884019e-01 6.882730e-01 -9.620245e-05 1.726637e-03 0 1.726637e-03 -2.875478e-12 1.098754e+01 
-9.510565e-01 1.083737e+00 1.083638e+00 -9.560470e-05 1.141942e-03 0 1.141942e-03 -2.875478e-12 1.098754e+01 
-9.135455e-01 1.569310e+00 1.569224e+00 -9.499020e-05 1.495337e-03 0 1.495337e-03 -2.875478e-12 1.098754e+01 
-8.660254e-01 2.105451e+00 2.105418e+00 -9.455658e-05 6.747272e-04 0 6.747272e-04 -2.875478e-12 1.098754e+01 
-8.090170e-01 2.522484e+00 2.522443e+00 -9.425129e-05 7.901178e-04 0 7.901178e-04 -2.875478e-12 1.098754e+01 
-7.431448e-01 2.830889e+00 2.830900e+00 -9.417747e-05 7.462913e-05 0 7.462913e-05 -2.875478e-12 1.098754e+01 
-6.691306e-01 2.934849e+00 2.934826e+00 -9.407708e-05 2.428374e-04 0 2.428374e-04 -2.875478e-12 1.098754e+01 
-5.877853e-01 3.004814e+00 3.004834e+00 -9.413230e-05 -1.249609e-04 0 -1.249609e-04 -2.875478e-12 1.098754e+01 
-5.000000e-01 2.984105e+00 2.984084e+00 -9.405257e-05 1.204457e-04 0 1.204457e-04 -2.875478e-12 1.098754e+01 
-4.067366e-01 3.014885e+00 3.014906e+00 -9.413285e-05 -9.911351e-05 0 -9.911351e-05 -2.875478e-12 1.098754e+01 
-3.090170e-01 2.984636e+00 2.984615e+00 -9.404071e-05 7.261802e-05 0 7.261802e-05 -2.875478e-12 1.098754e+01 
-2.079117e-01 3.015498e+00 3.015520e+00 -9.413488e-05 -5.058110e-05 0 -5.058110e-05 -2.875478e-12 1.098754e+01 
-1.045285e-01 2.984271e+00 2.984249e+00 -9.403426e-05 2.444811e-05 0 2.444811e-05 -2.875478e-12 1.098754e+01 
-3.330669e-16 3.015699e+00 3.015720e+00 -9.413570e-05 -2.461098e-10 0 -2.461098e-10 -2.875478e-12 1.098754e+01 
1.045285e-01 2.984271e+00 2.984249e+00 -9.403426e-05 -2.444771e-05 0 -2.444771e-05 -2.875478e-12 1.098754e+01 
2.079117e-01 3.015498e+00 3.015520e+00 -9.413488e-05 5.058036e-05 0 5.058036e-05 -2.875478e-12 1.098754e+01 
3.090170e-01 2.984636e+00 2.984615e+00 -9.404071e-05 -7.261683e-05 0 -7.261683e-05 -2.875478e-12 1.098754e+01 
4.067366e-01 3.014885e+00 3.014906e+00 -9.413285e-05 9.911220e-05 0 9.911220e-05 -2.875478e-12 1.098754e+01 
5.000000e-01 2.984105e+00 2.984084e+00 -9.405257e-05 -1.204444e-04 0 -1.204444e-04 -2.875478e-12 1.098754e+01 
5.877853e-01 3.004814e+00 3.004834e+00 -9.413230e-05 1.249599e-04 0 1.249599e-04 -2.875478e-12 1.098754e+01 
6.691306e-01 2.934849e+00 2.934826e+00 -9.407708e-05 -2.428371e-04 0 -2.428371e-04 -2.875478e-12 1.098754e+01 
7.431448e-01 2.830889e+00 2.830900e+00 -9.417747e-05 -7.462921e-05 0 -7.462921e-05 -2.875478e-12 1.098754e+01 
8.090170e-01 2.522484e+00 2.522443e+00 -9.425129e-05 -7.901173e-04 0 -7.901173e-04 -2.875478e-12 1.098754e+01 
8.660254e-01 2.105451e+00 2.105418e+00 -9.455658e-05 -6.747276e-04 0 -6.747276e-04 -2.875478e-12 1.098754e+01 
9.135455e-01 1.569310e+00 1.569224e+00 -9.499020e-05 -1.495336e-03 0 -1.495336e-03 -2.875478e-12 1.098754e+01 
9.510565e-01 1.083737e+00 1.083638e+00 -9.560470e-05 -1.141942e-03 0 -1.141942e-03 -2.875478e-12 1.098754e+01 
9.781476e-01 6.884019e-01 6.882730e-01 -9.620245e-05 -1.726638e-03 0 -1.726638e-03 -2.875478e-12 1.098754e+01 
9.945219e-01 4.491187e-01 4.489804e-01 -9.666946e-05 -1.137570e-03 0 -1.137570e-03 -2.875478e-12 1.098754e+01 
1 3.671722e-01 3.670288e-01 -9.683415e-05 -2.476894e-03 0 -2.476894e-03 -2.875478e-12 1.098754e+01 
ZONE T="0.011", I=31
-1 3.673563e-01 3.672133e-01 -9.669261e-05 2.212715e-03 0 2.212715e-03 2.162519e-12 1.088515e+01 
-9.945219e-01 4.453784e-01 4.452401e-01 -9.651933e-05 1.112331e-03 0 1.112331e-03 2.162519e-12 1.088515e+01 
-9.781476e-01 6.741887e-01 6.740599e-01 -9.603097e-05 1.595786e-03 0 1.595786e-03 2.162519e-12 1.088515e+01 
-9.510565e-01 1.051032e+00 1.050931e+00 -9.539313e-05 1.115191e-03 0 1.115191e-03 2.162519e-12 1.088515e+01 
-9.135455e-01 1.521122e+00 1.521035e+00 -9.473339e-05 1.395526e-03 0 1.395526e-03 2.162519e-12 1.088515e+01 
-8.660254e-01 2.042831e+00 2.042792e+00 -9.424436e-05 7.026752e-04 0 7.026752e-04 2.162519e-12 1.088515e+01 
-8.090170e-01 2.470110e+00 2.470070e+00 -9.390371e-05 7.736151e-04 0 7.736151e-04 2.162519e-12 1.088515e+01 
-7.431448e-01 2.791020e+00 2.791025e+00 -9.379323e-05 1.288793e-04 0 1.288793e-04 2.162519e-12 1.088515e+01 
-6.691306e-01 2.921102e+00 2.921082e+00 -9.369082e-05 2.372466e-04 0 2.372466e-04 2.162519e-12 1.088515e+01 
-5.877853e-01 2.996654e+00 2.996670e+00 -9.373016e-05 -9.509051e-05 0 -9.509051e-05 2.162519e-12 1.088515e+01 
-5.000000e-01 2.986400e+00 2.986383e+00 -9.366301e-05 1.040202e-04 0 1.040202e-04 2.162519e-12 1.088515e+01 
-4.067366e-01 3.011490e+00 3.011507e+00 -9.372864e-05 -8.363723e-05 0 -8.363723e-05 2.162519e-12 1.088515e+01 
-3.090170e-01 2.987987e+00 2.987969e+00 -9.365249e-05 6.202578e-05 0 6.202578e-05 2.162519e-12 1.088515e+01 
-2.079117e-01 3.012093e+00 3.012111e+00 -9.372994e-05 -4.307571e-05 0 -4.307571e-05 2.162519e-12 1.088515e+01 
-1.045285e-01 2.987707e+00 2.987689e+00 -9.364685e-05 2.097528e-05 0 2.097528e-05 2.162519e-12 1.088515e+01 
-3.330669e-16 3.012254e+00 3.012272e+00 -9.373052e-05 2.660960e-10 0 2.660960e-10 2.162519e-12 1.088515e+01 
1.045285e-01 2.987707e+00 2.987689e+00 -9.364685e-05 -2.097593e-05 0 -2.097593e-05 2.162519e-12 1.088515e+01 
2.079117e-01 3.012093e+00 3.012111e+00 -9.372994e-05 4.307612e-05 0 4.307612e-05 2.162519e-12 1.088515e+01 
3.090170e-01 2.987987e+00 2.987969e+00 -9.365249e-05 -6.202562e-05 0 -6.202562e-05 2.162519e-12 1.088515e+01 
4.067366e-01 3.011490e+00 3.011507e+00 -9.372864e-05 8.363660e-05 0 8.363660e-05 2.162519e-12 1.088515e+01 
5.000000e-01 2.986400e+00 2.986383e+00 -9.366301e-05 -1.040195e-04 0 -1.040195e-04 2.162519e-12 1.088515e+01 
5.877853e-01 2.996654e+00 2.996670e+00 -9.373016e-05 9.508992e-05 0 9.508992e-05 2.162519e-12 1.088515e+01 
6.691306e-01 2.921102e+00 2.921082e+00 -9.369082e-05 -2.372462e-04 0 -2.372462e-04 2.162519e-12 1.088515e+01 
7.431448e-01 2.791020e+00 2.791025e+00 -9.379323e-05 -1.288793e-04 0 -1.288793e-04 2.162519e-12 1.088515e+01 
8.090170e-01 2.470110e+00 2.470070e+00 -9.390371e-05 -7.736156e-04 0 -7.736156e-04 2.162519e-12 1.088515e+01 
8.660254e-01 2.042831e+00 2.042792e+00 -9.424436e-05 -7.026742e-04 0 -7.026742e-04 2.162519e-12 1.088515e+01 
9.135455e-01 1.521122e+00 1.521035e+00 -9.473339e-05 -1.395527e-03 0 -1.395527e-03 2.162519e-12 1.088515e+01 
9.510565e-01 1.051032e+00 1.050931e+00 -9.539313e-05 -1.115190e-03 0 -1.115190e-03 2.162519e-12 1.088515e+01 
9.781476e-01 6.741887e-01 6.740599e-01 -9.603097e-05 -1.595787e-03 0 -1.595787e-03 2.162519e-12 1.088515e+01 
9.945219e-01 4.453784e-01 4.452401e-01 -9.651933e-05 -1.112331e-03 0 -1.112331e-03 2.162519e-12 1.088515e+01 
1 3.673563e-01 3.672133e-01 -9.669261e-05 -2.212713e-03 0 -2.212713e-03 2.162519e-12 1.088515e+01 
ZONE T="0.012", I=31
-1 3.674960e-01 3.673533e-01 -9.655886e-05 1.986840e-03 0 1.986840e-03 4.196408e-12 1.078744e+01 
-9.945219e-01 4.421139e-01 4.419756e-01 -9.637757e-05 1.088493e-03 0 1.088493e-03 4.196408e-12 1.078744e+01 
-9.781476e-01 6.616900e-01 6.615612e-01 -9.586880e-05 1.482728e-03 0 1.482728e-03 4.196408e-12 1.078744e+01 
-9.510565e-01 1.022493e+00 1.022389e+00 -9.519333e-05 1.089023e-03 0 1.089023e-03 4.196408e-12 1.078744e+01 
-9.135455e-01 1.478182e+00 1.478095e+00 -9.449002e-05 1.307472e-03 0 1.307472e-03 4.196408e-12 1.078744e+01 
-8.660254e-01 1.986564e+00 1.986520e+00 -9.394815e-05 7.226878e-04 0 7.226878e-04 4.196408e-12 1.078744e+01 
-8.090170e-01 2.420305e+00 2.420264e+00 -9.357065e-05 7.535515e-04 0 7.535515e-04 4.196408e-12 1.078744e+01 
-7.431448e-01 2.751867e+00 2.751868e+00 -9.342387e-05 1.758849e-04 0 1.758849e-04 4.196408e-12 1.078744e+01 
-6.691306e-01 2.905059e+00 2.905041e+00 -9.331593e-05 2.334872e-04 0 2.334872e-04 4.196408e-12 1.078744e+01 
-5.877853e-01 2.988022e+00 2.988035e+00 -9.334036e-05 -6.726186e-05 0 -6.726186e-05 4.196408e-12 1.078744e+01 
-5.000000e-01 2.987535e+00 2.987521e+00 -9.328308e-05 8.980997e-05 0 8.980997e-05 4.196408e-12 1.078744e+01 
-4.067366e-01 3.008774e+00 3.008789e+00 -9.333648e-05 -6.958061e-05 0 -6.958061e-05 4.196408e-12 1.078744e+01 
-3.090170e-01 2.990557e+00 2.990543e+00 -9.327356e-05 5.225307e-05 0 5.225307e-05 4.196408e-12 1.078744e+01 
-2.079117e-01 3.009467e+00 3.009482e+00 -9.333712e-05 -3.621408e-05 0 -3.621408e-05 4.196408e-12 1.078744e+01 
-1.045285e-01 2.990356e+00 2.990342e+00 -9.326859e-05 1.772283e-05 0 1.772283e-05 4.196408e-12 1.078744e+01 
-3.330669e-16 3.009596e+00 3.009610e+00 -9.333747e-05 1.162250e-09 0 1.162250e-09 4.196408e-12 1.078744e+01 
1.045285e-01 2.990356e+00 2.990342e+00 -9.326859e-05 -1.772526e-05 0 -1.772526e-05 4.196408e-12 1.078744e+01 
2.079117e-01 3.009467e+00 3.009482e+00 -9.333712e-05 3.621629e-05 0 3.621629e-05 4.196408e-12 1.078744e+01 
3.090170e-01 2.990557e+00 2.990543e+00 -9.327356e-05 -5.225434e-05 0 -5.225434e-05 4.196408e-12 1.078744e+01 
4.067366e-01 3.008774e+00 3.008789e+00 -9.333648e-05 6.958055e-05 0 6.958055e-05 4.196408e-12 1.078744e+01 
5.000000e-01 2.987535e+00 2.987521e+00 -9.328308e-05 -8.980882e-05 0 -8.980882e-05 4.196408e-12 1.078744e+01 
5.877853e-01 2.988022e+00 2.988035e+00 -9.334036e-05 6.725982e-05 0 6.725982e-05 4.196408e-12 1.078744e+01 
6.691306e-01 2.905059e+00 2.905041e+00 -9.331593e-05 -2.334846e-04 0 -2.334846e-04 4.196408e-12 1.078744e+01 
7.431448e-01 2.751867e+00 2.751868e+00 -9.342387e-05 -1.758864e-04 0 -1.758864e-04 4.196408e-12 1.078744e+01 
8.090170e-01 2.420305e+00 2.420264e+00 -9.357065e-05 -7.535514e-04 0 -7.535514e-04 4.196408e-12 1.078744e+01 
8.660254e-01 1.986564e+00 1.986520e+00 -9.394815e-05 -7.226873e-04 0 -7.226873e-04 4.196408e-12 1.078744e+01 
9.135455e-01 1.478182e+00 1.478095e+00 -9.449002e-05 -1.307473e-03 0 -1.307473e-03 4.196408e-12 1.078744e+01 
9.510565e-01 1.022493e+00 1.022389e+00 -9.519333e-05 -1.089023e-03 0 -1.089023e-03 4.196408e-12 1.078744e+01 
9.781476e-01 6.616900e-01 6.615612e-01 -9.586880e-05 -1.482728e-03 0 -1.482728e-03 4.196408e-12 1.078744e+01 
9.945219e-01 4.421139e-01 4.419756e-01 -9.637757e-05 -1.088493e-03 0 -1.088493e-03 4.196408e-12 1.078744e+01 
1 3.674960e-01 3.673533e-01 -9.655886e-05 -1.986838e-03 0 -1.986838e-03 4.196408e-12 1.078744e+01 
ZONE T="0.013", I=31
-1 3.676020e-01 3.674597e-01 -9.643196e-05 1.795044e-03 0 1.795044e-03 1.217453e-11 1.069382e+01 
-9.945219e-01 4.392314e-01 4.390932e-01 -9.624316e-05 1.064944e-03 0 1.064944e-03 1.217453e-11 1.069382e+01 
-9.781476e-01 6.505841e-01 6.504554e-01 -9.571482e-05 1.384977e-03 0 1.384977e-03 1.217453e-11 1.069382e+01 
-9.510565e-01 9.973041e-01 9.971985e-01 -9.500386e-05 1.062991e-03 0 1.062991e-03 1.217453e-11 1.069382e+01 
-9.135455e-01 1.439613e+00 1.439525e+00 -9.425854e-05 1.230210e-03 0 1.230210e-03 1.217453e-11 1.069382e+01 
-8.660254e-01 1.935656e+00 1.935607e+00 -9.366617e-05 7.356327e-04 0 7.356327e-04 1.217453e-11 1.069382e+01 
-8.090170e-01 2.373083e+00 2.373043e+00 -9.325086e-05 7.322922e-04 0 7.322922e-04 1.217453e-11 1.069382e+01 
-7.431448e-01 2.713650e+00 2.713647e+00 -9.306822e-05 2.159201e-04 0 2.159201e-04 1.217453e-11 1.069382e+01 
-6.691306e-01 2.887231e+00 2.887215e+00 -9.295169e-05 2.313844e-04 0 2.313844e-04 1.217453e-11 1.069382e+01 
-5.877853e-01 2.978799e+00 2.978809e+00 -9.296191e-05 -4.184962e-05 0 -4.184962e-05 1.217453e-11 1.069382e+01 
-5.000000e-01 2.987623e+00 2.987611e+00 -9.291208e-05 7.813104e-05 0 7.813104e-05 1.217453e-11 1.069382e+01 
-4.067366e-01 3.006530e+00 3.006541e+00 -9.295527e-05 -5.715476e-05 0 -5.715476e-05 1.217453e-11 1.069382e+01 
-3.090170e-01 2.992521e+00 2.992509e+00 -9.290322e-05 4.361489e-05 0 4.361489e-05 1.217453e-11 1.069382e+01 
-2.079117e-01 3.007440e+00 3.007452e+00 -9.295532e-05 -3.017121e-05 0 -3.017121e-05 1.217453e-11 1.069382e+01 
-1.045285e-01 2.992401e+00 2.992389e+00 -9.289881e-05 1.481344e-05 0 1.481344e-05 1.217453e-11 1.069382e+01 
-3.330669e-16 3.007544e+00 3.007556e+00 -9.295547e-05 1.261156e-09 0 1.261156e-09 1.217453e-11 1.069382e+01 
1.045285e-01 2.992401e+00 2.992389e+00 -9.289881e-05 -1.481636e-05 0 -1.481636e-05 1.217453e-11 1.069382e+01 
2.079117e-01 3.007440e+00 3.007452e+00 -9.295532e-05 3.017444e-05 0 3.017444e-05 1.217453e-11 1.069382e+01 
3.090170e-01 2.992521e+00 2.992509e+00 -9.290322e-05 -4.361760e-05 0 -4.361760e-05 1.217453e-11 1.069382e+01 
4.067366e-01 3.006530e+00 3.006541e+00 -9.295527e-05 5.715673e-05 0 5.715673e-05 1.217453e-11 1.069382e+01 
5.000000e-01 2.987623e+00 2.987611e+00 -9.291208e-05 -7.813205e-05 0 -7.813205e-05 1.217453e-11 1.069382e+01 
5.877853e-01 2.978799e+00 2.978809e+00 -9.296191e-05 4.184889e-05 0 4.184889e-05 1.217453e-11 1.069382e+01 
6.691306e-01 2.887231e+00 2.887215e+00 -9.295169e-05 -2.313829e-04 0 -2.313829e-04 1.217453e-11 1.069382e+01 
7.431448e-01 2.713650e+00 2.713647e+00 -9.306822e-05 -2.159201e-04 0 -2.159201e-04 1.217453e-11 1.069382e+01 
8.090170e-01 2.373083e+00 2.373043e+00 -9.325086e-05 -7.322934e-04 0 -7.322934e-04 1.217453e-11 1.069382e+01 
8.660254e-01 1.935656e+00 1.935607e+00 -9.366617e-05 -7.356317e-04 0 -7.356317e-04 1.217453e-11 1.069382e+01 
9.135455e-01 1.439613e+00 1.439525e+00 -9.425854e-05 -1.230210e-03 0 -1.230210e-03 1.217453e-11 1.069382e+01 
9.510565e-01 9.973041e-01 9.971985e-01 -9.500386e-05 -1.062993e-03 0 -1.062993e-03 1.217453e-11 1.069382e+01 
9.781476e-01 6.505841e-01 6.504554e-01 -9.571482e-05 -1.384977e-03 0 -1.384977e-03 1.217453e-11 1.069382e+01 
9.945219e-01 4.392314e-01 4.390932e-01 -9.624316e-05 -1.064943e-03 0 -1.064943e-03 1.217453e-11 1.069382e+01 
1 3.676020e-01 3.674597e-01 -9.643196e-05 -1.795041e-03 0 -1.795041e-03 1.217453e-11 1.069382e+01 
ZONE T="0.014", I=31
-1 3.676826e-01 3.675405e-01 -9.631113e-05 1.632793e-03 0 1.632793e-03 -8.462753e-13 1.060383e+01 
-9.945219e-01 4.366614e-01 4.365231e-01 -9.611526e-05 1.041226e-03 0 1.041226e-03 -8.462753e-13 1.060383e+01 
-9.781476e-01 6.406300e-01 6.405012e-01 -9.556811e-05 1.300229e-03 0 1.300229e-03 -8.462753e-13 1.060383e+01 
-9.510565e-01 9.748563e-01 9.747490e-01 -9.482355e-05 1.036983e-03 0 1.036983e-03 -8.462753e-13 1.060383e+01 
-9.135455e-01 1.404729e+00 1.404640e+00 -9.403767e-05 1.162440e-03 0 1.162440e-03 -8.462753e-13 1.060383e+01 
-8.660254e-01 1.889310e+00 1.889258e+00 -9.339689e-05 7.426135e-04 0 7.426135e-04 -8.462753e-13 1.060383e+01 
-8.090170e-01 2.328381e+00 2.328340e+00 -9.294323e-05 7.111895e-04 0 7.111895e-04 -8.462753e-13 1.060383e+01 
-7.431448e-01 2.676502e+00 2.676495e+00 -9.272520e-05 2.495763e-04 0 2.495763e-04 -8.462753e-13 1.060383e+01 
-6.691306e-01 2.868050e+00 2.868035e+00 -9.259746e-05 2.306297e-04 0 2.306297e-04 -8.462753e-13 1.060383e+01 
-5.877853e-01 2.968934e+00 2.968941e+00 -9.259393e-05 -1.891449e-05 0 -1.891449e-05 -8.462753e-13 1.060383e+01 
-5.000000e-01 2.986755e+00 2.986745e+00 -9.254944e-05 6.895290e-05 0 6.895290e-05 -8.462753e-13 1.060383e+01 
-4.067366e-01 3.004588e+00 3.004598e+00 -9.258409e-05 -4.633083e-05 0 -4.633083e-05 -8.462753e-13 1.060383e+01 
-3.090170e-01 2.994009e+00 2.993999e+00 -9.254089e-05 3.620147e-05 0 3.620147e-05 -8.462753e-13 1.060383e+01 
-2.079117e-01 3.005871e+00 3.005881e+00 -9.258360e-05 -2.497674e-05 0 -2.497674e-05 -8.462753e-13 1.060383e+01 
-1.045285e-01 2.993981e+00 2.993971e+00 -9.253695e-05 1.228625e-05 0 1.228625e-05 -8.462753e-13 1.060383e+01 
-3.330669e-16 3.005958e+00 3.005968e+00 -9.258358e-05 7.167533e-10 0 7.167533e-10 -8.462753e-13 1.060383e+01 
1.045285e-01 2.993981e+00 2.993971e+00 -9.253695e-05 -1.228745e-05 0 -1.228745e-05 -8.462753e-13 1.060383e+01 
2.079117e-01 3.005871e+00 3.005881e+00 -9.258360e-05 2.497765e-05 0 2.497765e-05 -8.462753e-13 1.060383e+01 
3.090170e-01 2.994009e+00 2.993999e+00 -9.254089e-05 -3.620260e-05 0 -3.620260e-05 -8.462753e-13 1.060383e+01 
4.067366e-01 3.004588e+00 3.004598e+00 -9.258409e-05 4.633187e-05 0 4.633187e-05 -8.462753e-13 1.060383e+01 
5.000000e-01 2.986755e+00 2.986745e+00 -9.254944e-05 -6.895270e-05 0 -6.895270e-05 -8.462753e-13 1.060383e+01 
5.877853e-01 2.968934e+00 2.968941e+00 -9.259393e-05 1.891366e-05 0 1.891366e-05 -8.462753e-13 1.060383e+01 
6.691306e-01 2.868050e+00 2.868035e+00 -9.259746e-05 -2.306301e-04 0 -2.306301e-04 -8.462753e-13 1.060383e+01 
7.431448e-01 2.676502e+00 2.676495e+00 -9.272520e-05 -2.495747e-04 0 -2.495747e-04 -8.462753e-13 1.060383e+01 
8.090170e-01 2.328381e+00 2.328340e+00 -9.294323e-05 -7.111901e-04 0 -7.111901e-04 -8.462753e-13 1.060383e+01 
8.660254e-01 1.889310e+00 1.889258e+00 -9.339689e-05 -7.426145e-04 0 -7.426145e-04 -8.462753e-13 1.060383e+01 
9.135455e-01 1.404729e+00 1.404640e+00 -9.403767e-05 -1.162439e-03 0 -1.162439e-03 -8.462753e-13 1.060383e+01 
9.510565e-01 9.748563e-01 9.747490e-01 -9.482355e-05 -1.036982e-03 0 -1.036982e-03 -8.462753e-13 1.060383e+01 
9.781476e-01 6.406300e-01 6.405012e-01 -9.556811e-05 -1.300231e-03 0 -1.300231e-03 -8.462753e-13 1.060383e+01 
9.945219e-01 4.366614e-01 4.365231e-01 -9.611526e-05 -1.041227e-03 0 -1.041227e-03 -8.462753e-13 1.060383e+01 
1 3.676826e-01 3.675405e-01 -9.631113e-05 -1.632791e-03 0 -1.632791e-03 -8.462753e-13 1.060383e+01 
ZONE T="0.015", I=31
-1 3.677438e-01 3.676019e-01 -9.619573e-05 1.495641e-03 0 1.495641e-03 -2.635543e-12 1.051706e+01 
-9.945219e-01 4.343508e-01 4.342127e-01 -9.599317e-05 1.017221e-03 0 1.017221e-03 -2.635543e-12 1.051706e+01 
-9.781476e-01 6.316420e-01 6.315131e-01 -9.542790e-05 1.226442e-03 0 1.226442e-03 -2.635543e-12 1.051706e+01 
-9.510565e-01 9.546835e-01 9.545749e-01 -9.465141e-05 1.011031e-03 0 1.011031e-03 -2.635543e-12 1.051706e+01 
-9.135455e-01 1.372986e+00 1.372896e+00 -9.382636e-05 1.102862e-03 0 1.102862e-03 -2.635543e-12 1.051706e+01 
-8.660254e-01 1.846883e+00 1.846827e+00 -9.313905e-05 7.447142e-04 0 7.447142e-04 -2.635543e-12 1.051706e+01 
-8.090170e-01 2.286090e+00 2.286048e+00 -9.264683e-05 6.909820e-04 0 6.909820e-04 -2.635543e-12 1.051706e+01 
-7.431448e-01 2.640495e+00 2.640485e+00 -9.239387e-05 2.775385e-04 0 2.775385e-04 -2.635543e-12 1.051706e+01 
-6.691306e-01 2.847871e+00 2.847856e+00 -9.225271e-05 2.309160e-04 0 2.309160e-04 -2.635543e-12 1.051706e+01 
-5.877853e-01 2.958425e+00 2.958430e+00 -9.223567e-05 1.641172e-06 0 1.641172e-06 -2.635543e-12 1.051706e+01 
-5.000000e-01 2.985008e+00 2.985000e+00 -9.219465e-05 6.205904e-05 0 6.205904e-05 -2.635543e-12 1.051706e+01 
-4.067366e-01 3.002814e+00 3.002822e+00 -9.222208e-05 -3.695628e-05 0 -3.695628e-05 -2.635543e-12 1.051706e+01 
-3.090170e-01 2.995115e+00 2.995107e+00 -9.218607e-05 2.997049e-05 0 2.997049e-05 -2.635543e-12 1.051706e+01 
-2.079117e-01 3.004652e+00 3.004660e+00 -9.222110e-05 -2.057622e-05 0 -2.057622e-05 -2.635543e-12 1.051706e+01 
-1.045285e-01 2.995205e+00 2.995196e+00 -9.218251e-05 1.013217e-05 0 1.013217e-05 -2.635543e-12 1.051706e+01 
-3.330669e-16 3.004730e+00 3.004738e+00 -9.222094e-05 5.088152e-10 0 5.088152e-10 -2.635543e-12 1.051706e+01 
1.045285e-01 2.995205e+00 2.995196e+00 -9.218251e-05 -1.013348e-05 0 -1.013348e-05 -2.635543e-12 1.051706e+01 
2.079117e-01 3.004652e+00 3.004660e+00 -9.222110e-05 2.057847e-05 0 2.057847e-05 -2.635543e-12 1.051706e+01 
3.090170e-01 2.995115e+00 2.995107e+00 -9.218607e-05 -2.997358e-05 0 -2.997358e-05 -2.635543e-12 1.051706e+01 
4.067366e-01 3.002814e+00 3.002822e+00 -9.222208e-05 3.695899e-05 0 3.695899e-05 -2.635543e-12 1.051706e+01 
5.000000e-01 2.985008e+00 2.985000e+00 -9.219465e-05 -6.206096e-05 0 -6.206096e-05 -2.635543e-12 1.051706e+01 
5.877853e-01 2.958425e+00 2.958430e+00 -9.223567e-05 -1.639790e-06 0 -1.639790e-06 -2.635543e-12 1.051706e+01 
6.691306e-01 2.847871e+00 2.847856e+00 -9.225271e-05 -2.309171e-04 0 -2.309171e-04 -2.635543e-12 1.051706e+01 
7.431448e-01 2.640495e+00 2.640485e+00 -9.239387e-05 -2.775382e-04 0 -2.775382e-04 -2.635543e-12 1.051706e+01 
8.090170e-01 2.286090e+00 2.286048e+00 -9.264683e-05 -6.909798e-04 0 -6.909798e-04 -2.635543e-12 1.051706e+01 
8.660254e-01 1.846883e+00 1.846827e+00 -9.313905e-05 -7.447166e-04 0 -7.447166e-04 -2.635543e-12 1.051706e+01 
9.135455e-01 1.372986e+00 1.372896e+00 -9.382636e-05 -1.102861e-03 0 -1.102861e-03 -2.635543e-12 1.051706e+01 
9.510565e-01 9.546835e-01 9.545749e-01 -9.465141e-05 -1.011030e-03 0 -1.011030e-03 -2.635543e-12 1.051706e+01 
9.781476e-01 6.316420e-01 6.315131e-01 -9.542790e-05 -1.226442e-03 0 -1.226442e-03 -2.635543e-12 1.051706e+01 
9.945219e-01 4.343508e-01 4.342127e-01 -9.599317e-05 -1.017223e-03 0 -1.017223e-03 -2.635543e-12 1.051706e+01 
1 3.677438e-01 3.676019e-01 -9.619573e-05 -1.495641e-03 0 -1.495641e-03 -2.635543e-12 1.051706e+01 
ZONE T="0.016", I=31
-1 3.677904e-01 3.676488e-01 -9.608521e-05 1.379554e-03 0 1.379554e-03 1.301254e-11 1.043321e+01 
-9.945219e-01 4.322587e-01 4.321206e-01 -9.587630e-05 9.929949e-04 0 9.929949e-04 1.301254e-11 1.043321e+01 
-9.781476e-01 6.234744e-01 6.233455e-01 -9.529357e-05 1.161852e-03 0 1.161852e-03 1.301254e-11 1.043321e+01 
-9.510565e-01 9.364234e-01 9.363136e-01 -9.448663e-05 9.852396e-04 0 9.852396e-04 1.301254e-11 1.043321e+01 
-9.135455e-01 1.343947e+00 1.343856e+00 -9.362369e-05 1.050268e-03 0 1.050268e-03 1.301254e-11 1.043321e+01 
-8.660254e-01 1.807847e+00 1.807788e+00 -9.289157e-05 7.429285e-04 0 7.429285e-04 1.301254e-11 1.043321e+01 
-8.090170e-01 2.246076e+00 2.246034e+00 -9.236079e-05 6.720052e-04 0 6.720052e-04 1.301254e-11 1.043321e+01 
-7.431448e-01 2.605660e+00 2.605647e+00 -9.207336e-05 3.005196e-04 0 3.005196e-04 1.301254e-11 1.043321e+01 
-6.691306e-01 2.826983e+00 2.826969e+00 -9.191692e-05 2.319662e-04 0 2.319662e-04 1.301254e-11 1.043321e+01 
-5.877853e-01 2.947300e+00 2.947304e+00 -9.188649e-05 1.997963e-05 0 1.997963e-05 1.301254e-11 1.043321e+01 
-5.000000e-01 2.982449e+00 2.982442e+00 -9.184730e-05 5.716784e-05 0 5.716784e-05 1.301254e-11 1.043321e+01 
-4.067366e-01 3.001100e+00 3.001106e+00 -9.186856e-05 -2.884711e-05 0 -2.884711e-05 1.301254e-11 1.043321e+01 
-3.090170e-01 2.995912e+00 2.995905e+00 -9.183834e-05 2.483429e-05 0 2.483429e-05 1.301254e-11 1.043321e+01 
-2.079117e-01 3.003697e+00 3.003704e+00 -9.186710e-05 -1.689351e-05 0 -1.689351e-05 1.301254e-11 1.043321e+01 
-1.045285e-01 2.996153e+00 2.996147e+00 -9.183508e-05 8.325939e-06 0 8.325939e-06 1.301254e-11 1.043321e+01 
-3.330669e-16 3.003776e+00 3.003783e+00 -9.186682e-05 -4.917664e-10 0 -4.917664e-10 1.301254e-11 1.043321e+01 
1.045285e-01 2.996153e+00 2.996147e+00 -9.183508e-05 -8.324789e-06 0 -8.324789e-06 1.301254e-11 1.043321e+01 
2.079117e-01 3.003697e+00 3.003704e+00 -9.186710e-05 1.689306e-05 0 1.689306e-05 1.301254e-11 1.043321e+01 
3.090170e-01 2.995912e+00 2.995905e+00 -9.183834e-05 -2.483630e-05 0 -2.483630e-05 1.301254e-11 1.043321e+01 
4.067366e-01 3.001100e+00 3.001106e+00 -9.186856e-05 2.885052e-05 0 2.885052e-05 1.301254e-11 1.043321e+01 
5.000000e-01 2.982449e+00 2.982442e+00 -9.184730e-05 -5.717090e-05 0 -5.717090e-05 1.301254e-11 1.043321e+01 
5.877853e-01 2.947300e+00 2.947304e+00 -9.188649e-05 -1.997772e-05 0 -1.997772e-05 1.301254e-11 1.043321e+01 
6.691306e-01 2.826983e+00 2.826969e+00 -9.191692e-05 -2.319672e-04 0 -2.319672e-04 1.301254e-11 1.043321e+01 
7.431448e-01 2.605660e+00 2.605647e+00 -9.207336e-05 -3.005174e-04 0 -3.005174e-04 1.301254e-11 1.043321e+01 
8.090170e-01 2.246076e+00 2.246034e+00 -9.236079e-05 -6.720084e-04 0 -6.720084e-04 1.301254e-11 1.043321e+01 
8.660254e-01 1.807847e+00 1.807788e+00 -9.289157e-05 -7.429251e-04 0 -7.429251e-04 1.301254e-11 1.043321e+01 
9.135455e-01 1.343947e+00 1.343856e+00 -9.362369e-05 -1.050269e-03 0 -1.050269e-03 1.301254e-11 1.043321e+01 
9.510565e-01 9.364234e-01 9.363136e-01 -9.448663e-05 -9.852410e-04 0 -9.852410e-04 1.301254e-11 1.043321e+01 
9.781476e-01 6.234744e-01 6.233455e-01 -9.529357e-05 -1.161850e-03 0 -1.161850e-03 1.301254e-11 1.043321e+01 
9.945219e-01 4.322587e-01 4.321206e-01 -9.587630e-05 -9.929951e-04 0 -9.929951e-04 1.301254e-11 1.043321e+01 
1 3.677904e-01 3.676488e-01 -9.608521e-05 -1.379552e-03 0 -1.379552e-03 1.301254e-11 1.043321e+01 
ZONE T="0.017", I=31
-1 3.678260e-01 3.676845e-01 -9.597913e-05 1.280984e-03 0 1.280984e-03 8.186044e-12 1.035200e+01 
-9.945219e-01 4.303526e-01 4.302145e-01 -9.576417e-05 9.686830e-04 0 9.686830e-04 8.186044e-12 1.035200e+01 
-9.781476e-01 6.160107e-01 6.158816e-01 -9.516458e-05 1.104954e-03 0 1.104954e-03 8.186044e-12 1.035200e+01 
-9.510565e-01 9.197890e-01 9.196783e-01 -9.432851e-05 9.597439e-04 0 9.597439e-04 8.186044e-12 1.035200e+01 
-9.135455e-01 1.317253e+00 1.317162e+00 -9.342890e-05 1.003601e-03 0 1.003601e-03 8.186044e-12 1.035200e+01 
-8.660254e-01 1.771771e+00 1.771710e+00 -9.265354e-05 7.381000e-04 0 7.381000e-04 8.186044e-12 1.035200e+01 
-8.090170e-01 2.208200e+00 2.208157e+00 -9.208440e-05 6.543762e-04 0 6.543762e-04 8.186044e-12 1.035200e+01 
-7.431448e-01 2.572001e+00 2.571985e+00 -9.176291e-05 3.191882e-04 0 3.191882e-04 8.186044e-12 1.035200e+01 
-6.691306e-01 2.805623e+00 2.805609e+00 -9.158966e-05 2.335505e-04 0 2.335505e-04 8.186044e-12 1.035200e+01 
-5.877853e-01 2.935606e+00 2.935608e+00 -9.154581e-05 3.629502e-05 0 3.629502e-05 8.186044e-12 1.035200e+01 
-5.000000e-01 2.979141e+00 2.979135e+00 -9.150702e-05 5.397548e-05 0 5.397548e-05 8.186044e-12 1.035200e+01 
-4.067366e-01 2.999361e+00 2.999366e+00 -9.152291e-05 -2.180997e-05 0 -2.180997e-05 8.186044e-12 1.035200e+01 
-3.090170e-01 2.996446e+00 2.996441e+00 -9.149732e-05 2.066907e-05 0 2.066907e-05 8.186044e-12 1.035200e+01 
-2.079117e-01 3.002941e+00 3.002946e+00 -9.152097e-05 -1.382611e-05 0 -1.382611e-05 8.186044e-12 1.035200e+01 
-1.045285e-01 2.996891e+00 2.996886e+00 -9.149430e-05 6.824053e-06 0 6.824053e-06 8.186044e-12 1.035200e+01 
-3.330669e-16 3.003033e+00 3.003039e+00 -9.152060e-05 4.341634e-10 0 4.341634e-10 8.186044e-12 1.035200e+01 
1.045285e-01 2.996891e+00 2.996886e+00 -9.149430e-05 -6.824077e-06 0 -6.824077e-06 8.186044e-12 1.035200e+01 
2.079117e-01 3.002941e+00 3.002946e+00 -9.152097e-05 1.382507e-05 0 1.382507e-05 8.186044e-12 1.035200e+01 
3.090170e-01 2.996446e+00 2.996441e+00 -9.149732e-05 -2.066888e-05 0 -2.066888e-05 8.186044e-12 1.035200e+01 
4.067366e-01 2.999361e+00 2.999366e+00 -9.152291e-05 2.181055e-05 0 2.181055e-05 8.186044e-12 1.035200e+01 
5.000000e-01 2.979141e+00 2.979135e+00 -9.150702e-05 -5.397611e-05 0 -5.397611e-05 8.186044e-12 1.035200e+01 
5.877853e-01 2.935606e+00 2.935608e+00 -9.154581e-05 -3.629479e-05 0 -3.629479e-05 8.186044e-12 1.035200e+01 
6.691306e-01 2.805623e+00 2.805609e+00 -9.158966e-05 -2.335496e-04 0 -2.335496e-04 8.186044e-12 1.035200e+01 
7.431448e-01 2.572001e+00 2.571985e+00 -9.176291e-05 -3.191898e-04 0 -3.191898e-04 8.186044e-12 1.035200e+01 
8.090170e-01 2.208200e+00 2.208157e+00 -9.208440e-05 -6.543748e-04 0 -6.543748e-04 8.186044e-12 1.035200e+01 
8.660254e-01 1.771771e+00 1.771710e+00 -9.265354e-05 -7.380998e-04 0 -7.380998e-04 8.186044e-12 1.035200e+01 
9.135455e-01 1.317253e+00 1.317162e+00 -9.342890e-05 -1.003602e-03 0 -1.003602e-03 8.186044e-12 1.035200e+01 
9.510565e-01 9.197890e-01 9.196783e-01 -9.432851e-05 -9.597454e-04 0 -9.597454e-04 8.186044e-12 1.035200e+01 
9.781476e-01 6.160107e-01 6.158816e-01 -9.516458e-05 -1.104955e-03 0 -1.104955e-03 8.186044e-12 1.035200e+01 
9.945219e-01 4.303526e-01 4.302145e-01 -9.576417e-05 -9.686803e-04 0 -9.686803e-04 8.186044e-12 1.035200e+01 
1 3.678260e-01 3.676845e-01 -9.597913e-05 -1.280981e-03 0 -1.280981e-03 8.186044e-12 1.035200e+01 
ZONE T="0.018", I=31
-1 3.678532e-01 3.677119e-01 -9.587709e-05 1.196898e-03 0 1.196898e-03 8.167884e-12 1.027319e+01 
-9.945219e-01 4.286062e-01 4.284682e-01 -9.565635e-05 9.444484e-04 0 9.444484e-04 8.167884e-12 1.027319e+01 
-9.781476e-01 6.091556e-01 6.090265e-01 -9.504045e-05 1.054496e-03 0 1.054496e-03 8.167884e-12 1.027319e+01 
-9.510565e-01 9.045491e-01 9.044375e-01 -9.417646e-05 9.346639e-04 0 9.346639e-04 8.167884e-12 1.027319e+01 
-9.135455e-01 1.292609e+00 1.292516e+00 -9.324132e-05 9.619426e-04 0 9.619426e-04 8.167884e-12 1.027319e+01 
-8.660254e-01 1.738293e+00 1.738229e+00 -9.242416e-05 7.309597e-04 0 7.309597e-04 8.167884e-12 1.027319e+01 
-8.090170e-01 2.172317e+00 2.172273e+00 -9.181697e-05 6.380508e-04 0 6.380508e-04 8.167884e-12 1.027319e+01 
-7.431448e-01 2.539501e+00 2.539483e+00 -9.146186e-05 3.341816e-04 0 3.341816e-04 8.167884e-12 1.027319e+01 
-6.691306e-01 2.783979e+00 2.783965e+00 -9.127050e-05 2.354704e-04 0 2.354704e-04 8.167884e-12 1.027319e+01 
-5.877853e-01 2.923400e+00 2.923401e+00 -9.121314e-05 5.079871e-05 0 5.079871e-05 8.167884e-12 1.027319e+01 
-5.000000e-01 2.975143e+00 2.975137e+00 -9.117348e-05 5.217694e-05 0 5.217694e-05 8.167884e-12 1.027319e+01 
-4.067366e-01 2.997530e+00 2.997535e+00 -9.118459e-05 -1.565770e-05 0 -1.565770e-05 8.167884e-12 1.027319e+01 
-3.090170e-01 2.996755e+00 2.996750e+00 -9.116267e-05 1.734698e-05 0 1.734698e-05 8.167884e-12 1.027319e+01 
-2.079117e-01 3.002331e+00 3.002336e+00 -9.118215e-05 -1.127895e-05 0 -1.127895e-05 8.167884e-12 1.027319e+01 
-1.045285e-01 2.997466e+00 2.997462e+00 -9.115983e-05 5.587632e-06 0 5.587632e-06 8.167884e-12 1.027319e+01 
-3.330669e-16 3.002452e+00 3.002456e+00 -9.118169e-05 5.689349e-11 0 5.689349e-11 8.167884e-12 1.027319e+01 
1.045285e-01 2.997466e+00 2.997462e+00 -9.115983e-05 -5.586823e-06 0 -5.586823e-06 8.167884e-12 1.027319e+01 
2.079117e-01 3.002331e+00 3.002336e+00 -9.118215e-05 1.127715e-05 0 1.127715e-05 8.167884e-12 1.027319e+01 
3.090170e-01 2.996755e+00 2.996750e+00 -9.116267e-05 -1.734630e-05 0 -1.734630e-05 8.167884e-12 1.027319e+01 
4.067366e-01 2.997530e+00 2.997535e+00 -9.118459e-05 1.565771e-05 0 1.565771e-05 8.167884e-12 1.027319e+01 
5.000000e-01 2.975143e+00 2.975137e+00 -9.117348e-05 -5.217630e-05 0 -5.217630e-05 8.167884e-12 1.027319e+01 
5.877853e-01 2.923400e+00 2.923401e+00 -9.121314e-05 -5.079965e-05 0 -5.079965e-05 8.167884e-12 1.027319e+01 
6.691306e-01 2.783979e+00 2.783965e+00 -9.127050e-05 -2.354710e-04 0 -2.354710e-04 8.167884e-12 1.027319e+01 
7.431448e-01 2.539501e+00 2.539483e+00 -9.146186e-05 -3.341793e-04 0 -3.341793e-04 8.167884e-12 1.027319e+01 
8.090170e-01 2.172317e+00 2.172273e+00 -9.181697e-05 -6.380518e-04 0 -6.380518e-04 8.167884e-12 1.027319e+01 
8.660254e-01 1.738293e+00 1.738229e+00 -9.242416e-05 -7.309594e-04 0 -7.309594e-04 8.167884e-12 1.027319e+01 
9.135455e-01 1.292609e+00 1.292516e+00 -9.324132e-05 -9.619428e-04 0 -9.619428e-04 8.167884e-12 1.027319e+01 
9.510565e-01 9.045491e-01 9.044375e-01 -9.417646e-05 -9.346634e-04 0 -9.346634e-04 8.167884e-12 1.027319e+01 
9.781476e-01 6.091556e-01 6.090265e-01 -9.504045e-05 -1.054498e-03 0 -1.054498e-03 8.167884e-12 1.027319e+01 
9.945219e-01 4.286062e-01 4.284682e-01 -9.565635e-05 -9.444472e-04 0 -9.444472e-04 8.167884e-12 1.027319e+01 
1 3.678532e-01 3.677119e-01 -9.587709e-05 -1.196893e-03 0 -1.196893e-03 8.167884e-12 1.027319e+01 
ZONE T="0.019", I=31
-1 3.678740e-01 3.677329e-01 -9.577876e-05 1.124764e-03 0 1.124764e-03 6.569393e-12 1.019658e+01 
-9.945219e-01 4.269983e-01 4.268604e-01 -9.555248e-05 9.204469e-04 0 9.204469e-04 6.569393e-12 1.019658e+01 
-9.781476e-01 6.028317e-01 6.027025e-01 -9.492081e-05 1.009439e-03 0 1.009439e-03 6.569393e-12 1.019658e+01 
-9.510565e-01 8.905174e-01 8.904050e-01 -9.402997e-05 9.101156e-04 0 9.101156e-04 6.569393e-12 1.019658e+01 
-9.135455e-01 1.269767e+00 1.269673e+00 -9.306039e-05 9.245179e-04 0 9.245179e-04 6.569393e-12 1.019658e+01 
-8.660254e-01 1.707112e+00 1.707047e+00 -9.220275e-05 7.220897e-04 0 7.220897e-04 6.569393e-12 1.019658e+01 
-8.090170e-01 2.138290e+00 2.138245e+00 -9.155793e-05 6.229342e-04 0 6.229342e-04 6.569393e-12 1.019658e+01 
-7.431448e-01 2.508134e+00 2.508114e+00 -9.116959e-05 3.460556e-04 0 3.460556e-04 6.569393e-12 1.019658e+01 
-6.691306e-01 2.762202e+00 2.762188e+00 -9.095909e-05 2.375689e-04 0 2.375689e-04 6.569393e-12 1.019658e+01 
-5.877853e-01 2.910743e+00 2.910743e+00 -9.088805e-05 6.368747e-05 0 6.368747e-05 6.569393e-12 1.019658e+01 
-5.000000e-01 2.970508e+00 2.970503e+00 -9.084642e-05 5.150705e-05 0 5.150705e-05 6.569393e-12 1.019658e+01 
-4.067366e-01 2.995558e+00 2.995562e+00 -9.085316e-05 -1.023963e-05 0 -1.023963e-05 6.569393e-12 1.019658e+01 
-3.090170e-01 2.996860e+00 2.996856e+00 -9.083410e-05 1.475663e-05 0 1.475663e-05 6.569393e-12 1.019658e+01 
-2.079117e-01 3.001827e+00 3.001831e+00 -9.085016e-05 -9.167807e-06 0 -9.167807e-06 6.569393e-12 1.019658e+01 
-1.045285e-01 2.997914e+00 2.997910e+00 -9.083139e-05 4.577979e-06 0 4.577979e-06 6.569393e-12 1.019658e+01 
-3.330669e-16 3.001994e+00 3.001998e+00 -9.084964e-05 6.961064e-10 0 6.961064e-10 6.569393e-12 1.019658e+01 
1.045285e-01 2.997914e+00 2.997910e+00 -9.083139e-05 -4.577396e-06 0 -4.577396e-06 6.569393e-12 1.019658e+01 
2.079117e-01 3.001827e+00 3.001831e+00 -9.085016e-05 9.164632e-06 0 9.164632e-06 6.569393e-12 1.019658e+01 
3.090170e-01 2.996860e+00 2.996856e+00 -9.083410e-05 -1.475435e-05 0 -1.475435e-05 6.569393e-12 1.019658e+01 
4.067366e-01 2.995558e+00 2.995562e+00 -9.085316e-05 1.023845e-05 0 1.023845e-05 6.569393e-12 1.019658e+01 
5.000000e-01 2.970508e+00 2.970503e+00 -9.084642e-05 -5.150511e-05 0 -5.150511e-05 6.569393e-12 1.019658e+01 
5.877853e-01 2.910743e+00 2.910743e+00 -9.088805e-05 -6.368859e-05 0 -6.368859e-05 6.569393e-12 1.019658e+01 
6.691306e-01 2.762202e+00 2.762188e+00 -9.095909e-05 -2.375716e-04 0 -2.375716e-04 6.569393e-12 1.019658e+01 
7.431448e-01 2.508134e+00 2.508114e+00 -9.116959e-05 -3.460495e-04 0 -3.460495e-04 6.569393e-12 1.019658e+01 
8.090170e-01 2.138290e+00 2.138245e+00 -9.155793e-05 -6.229400e-04 0 -6.229400e-04 6.569393e-12 1.019658e+01 
8.660254e-01 1.707112e+00 1.707047e+00 -9.220275e-05 -7.220852e-04 0 -7.220852e-04 6.569393e-12 1.019658e+01 
9.135455e-01 1.269767e+00 1.269673e+00 -9.306039e-05 -9.245216e-04 0 -9.245216e-04 6.569393e-12 1.019658e+01 
9.510565e-01 8.905174e-01 8.904050e-01 -9.402997e-05 -9.101123e-04 0 -9.101123e-04 6.569393e-12 1.019658e+01 
9.781476e-01 6.028317e-01 6.027025e-01 -9.492081e-05 -1.009440e-03 0 -1.009440e-03 6.569393e-12 1.019658e+01 
9.945219e-01 4.269983e-01 4.268604e-01 -9.555248e-05 -9.204498e-04 0 -9.204498e-04 6.569393e-12 1.019658e+01 
1 3.678740e-01 3.677329e-01 -9.577876e-05 -1.124761e-03 0 -1.124761e-03 6.569393e-12 1.019658e+01 
ZONE T="0.02", I=31
-1 3.678900e-01 3.677491e-01 -9.568387e-05 1.062467e-03 0 1.062467e-03 -1.330959e-12 1.012200e+01 
-9.945219e-01 4.255117e-01 4.253738e-01 -9.545225e-05 8.968229e-04 0 8.968229e-04 -1.330959e-12 1.012200e+01 
-9.781476e-01 5.969746e-01 5.968453e-01 -9.480530e-05 9.689302e-04 0 9.689302e-04 -1.330959e-12 1.012200e+01 
-9.510565e-01 8.775409e-01 8.774278e-01 -9.388861e-05 8.861812e-04 0 8.861812e-04 -1.330959e-12 1.012200e+01 
-9.135455e-01 1.248521e+00 1.248427e+00 -9.288561e-05 8.906921e-04 0 8.906921e-04 -1.330959e-12 1.012200e+01 
-8.660254e-01 1.677976e+00 1.677909e+00 -9.198873e-05 7.119487e-04 0 7.119487e-04 -1.330959e-12 1.012200e+01 
-8.090170e-01 2.105988e+00 2.105942e+00 -9.130675e-05 6.089121e-04 0 6.089121e-04 -1.330959e-12 1.012200e+01 
-7.431448e-01 2.477866e+00 2.477844e+00 -9.088558e-05 3.552858e-04 0 3.552858e-04 -1.330959e-12 1.012200e+01 
-6.691306e-01 2.740412e+00 2.740398e+00 -9.065507e-05 2.397341e-04 0 2.397341e-04 -1.330959e-12 1.012200e+01 
-5.877853e-01 2.897697e+00 2.897696e+00 -9.057016e-05 7.513797e-05 0 7.513797e-05 -1.330959e-12 1.012200e+01 
-5.000000e-01 2.965290e+00 2.965285e+00 -9.052556e-05 5.173015e-05 0 5.173015e-05 -1.330959e-12 1.012200e+01 
-4.067366e-01 2.993406e+00 2.993409e+00 -9.052823e-05 -5.417836e-06 0 -5.417836e-06 -1.330959e-12 1.012200e+01 
-3.090170e-01 2.996777e+00 2.996773e+00 -9.051136e-05 1.278227e-05 0 1.278227e-05 -1.330959e-12 1.012200e+01 
-2.079117e-01 3.001396e+00 3.001399e+00 -9.052460e-05 -7.406440e-06 0 -7.406440e-06 -1.330959e-12 1.012200e+01 
-1.045285e-01 2.998263e+00 2.998259e+00 -9.050871e-05 3.756273e-06 0 3.756273e-06 -1.330959e-12 1.012200e+01 
-3.330669e-16 3.001633e+00 3.001636e+00 -9.052402e-05 2.797764e-09 0 2.797764e-09 -1.330959e-12 1.012200e+01 
1.045285e-01 2.998263e+00 2.998259e+00 -9.050871e-05 -3.760354e-06 0 -3.760354e-06 -1.330959e-12 1.012200e+01 
2.079117e-01 3.001396e+00 3.001399e+00 -9.052460e-05 7.408247e-06 0 7.408247e-06 -1.330959e-12 1.012200e+01 
3.090170e-01 2.996777e+00 2.996773e+00 -9.051136e-05 -1.278444e-05 0 -1.278444e-05 -1.330959e-12 1.012200e+01 
4.067366e-01 2.993406e+00 2.993409e+00 -9.052823e-05 5.420348e-06 0 5.420348e-06 -1.330959e-12 1.012200e+01 
5.000000e-01 2.965290e+00 2.965285e+00 -9.052556e-05 -5.173093e-05 0 -5.173093e-05 -1.330959e-12 1.012200e+01 
5.877853e-01 2.897697e+00 2.897696e+00 -9.057016e-05 -7.513806e-05 0 -7.513806e-05 -1.330959e-12 1.012200e+01 
6.691306e-01 2.740412e+00 2.740398e+00 -9.065507e-05 -2.397342e-04 0 -2.397342e-04 -1.330959e-12 1.012200e+01 
7.431448e-01 2.477866e+00 2.477844e+00 -9.088558e-05 -3.552859e-04 0 -3.552859e-04 -1.330959e-12 1.012200e+01 
8.090170e-01 2.105988e+00 2.105942e+00 -9.130675e-05 -6.089119e-04 0 -6.089119e-04 -1.330959e-12 1.012200e+01 
8.660254e-01 1.677976e+00 1.677909e+00 -9.198873e-05 -7.119473e-04 0 -7.119473e-04 -1.330959e-12 1.012200e+01 
9.135455e-01 1.248521e+00 1.248427e+00 -9.288561e-05 -8.906928e-04 0 -8.906928e-04 -1.330959e-12 1.012200e+01 
9.510565e-01 8.775409e-01 8.774278e-01 -9.388861e-05 -8.861825e-04 0 -8.861825e-04 -1.330959e-12 1.012200e+01 
9.781476e-01 5.969746e-01 5.968453e-01 -9.480530e-05 -9.689289e-04 0 -9.689289e-04 -1.330959e-12 1.012200e+01 
9.945219e-01 4.255117e-01 4.253738e-01 -9.545225e-05 -8.968244e-04 0 -8.968244e-04 -1.330959e-12 1.012200e+01 
1 3.678900e-01 3.677491e-01 -9.568387e-05 -1.062469e-03 0 -1.062469e-03 -1.330959e-12 1.012200e+01 
